ch0_ped,ch0_peak_max,ch0_peak_max_t,ch0_half_max_left,ch0_half_max_right,ch0_ninth_max_left,ch0_ninth_max_right,ch0_e_max_left,ch0_e_max_right,ch0_integ,ch0_integ_left,ch0_integ_right,ch1_ped,ch1_peak_max,ch1_peak_max_t,ch1_half_max_left,ch1_half_max_right,ch1_ninth_max_left,ch1_ninth_max_right,ch1_e_max_left,ch1_e_max_right,ch1_integ,ch1_integ_left,ch1_integ_right,proj_max,proj_max_t,proj_theta,proj_half_max_left,proj_half_max_right,proj_ninth_max_left,proj_ninth_max_right,proj_e_max_left,proj_e_max_right,proj_integ,proj_integ_left,proj_integ_right
-0.081289366,0.0047303922,0.0144,0.008799999999999999,0.016,0.016,0.0232,0.012,0.0192,0.33128196,0.054636195,0.2786924,0.034006666,0.0039034598,0.0304,0.012,0.0144,0.0184,0.0256,0.0152,0.0192,0.4021279,0.044668987,0.35968897,0.0050072772,0.017599999999999998,0.39617023,0.0112,0.017599999999999998,0.0192,0.0264,0.012,0.02,0.46079907,0.06629523,0.39753643
-0.08144493,0.0046640523,0.0152,0.0112,0.0128,0.08,0.0224,0.0128,0.016,0.37539762,0.06298793,0.31459787,0.034071364,0.0038387608,0.0288,0.012,0.016800000000000002,0.2912,0.0256,0.0152,0.016800000000000002,0.3692612,0.046708096,0.32322773,0.0051427707,0.0232,0.7461236,0.0152,0.0144,0.0864,0.0232,0.017599999999999998,0.016800000000000002,0.52631766,0.09225856,0.4356918
-0.08149685,0.004715979,0.0144,0.0136,0.012,0.0192,0.0184,0.0144,0.0144,0.31958953,0.06824531,0.2514672,0.034056295,0.004085738,0.0296,0.0152,0.0112,0.3112,0.0232,0.017599999999999998,0.0152,0.4038669,0.061424255,0.3443828,0.0051683346,0.0144,0.42150173,0.010400000000000001,0.016800000000000002,0.0184,0.0264,0.0136,0.0184,0.45685217,0.06413412,0.3938383
-0.08157251,0.0040149987,0.010400000000000001,0.0064,0.02,0.2784,0.0264,0.008,0.0216,0.35480794,0.031669524,0.3249628,0.033987883,0.0038062874,0.0272,0.010400000000000001,0.017599999999999998,0.3352,0.032,0.0112,0.0192,0.43639022,0.03897006,0.39882132,0.004746153,0.0216,0.6827844,0.0136,0.0144,0.2192,0.0256,0.016,0.017599999999999998,0.5506096,0.07753086,0.47600368
-0.081483535,0.004036974,0.0136,0.010400000000000001,0.0152,0.30479999999999996,0.0224,0.0136,0.016800000000000002,0.29950732,0.04721547,0.2524652,0.033900224,0.0033141784,0.0304,0.016800000000000002,0.0144,0.232,0.0256,0.0192,0.016800000000000002,0.40751666,0.055323165,0.35371426,0.0044460394,0.0192,0.62974876,0.0128,0.016,0.02,0.028,0.0152,0.020800000000000003,0.48205802,0.06765165,0.41434237
-0.08114381,0.0038081966,0.0072,0.008,0.016800000000000002,0.3192,0.0248,0.0096,0.020800000000000003,0.26217332,0.026396435,0.23543474,0.033913903,0.003532406,0.024,0.0128,0.0152,0.408,0.0256,0.016,0.017599999999999998,0.41836232,0.04683595,0.3738362,0.004481478,0.02,0.8278454,0.016,0.0136,0.332,0.0224,0.016800000000000002,0.0152,0.48546448,0.077777624,0.40848055
-0.08084581,0.0039539896,0.0112,0.0072,0.0192,0.14079999999999998,0.0248,0.0096,0.020800000000000003,0.2340562,0.034053758,0.19966218,0.033819746,0.0033946559,0.0272,0.0112,0.0152,0.412,0.031200000000000002,0.0136,0.0224,0.40607443,0.03946882,0.37059274,0.0046057324,0.020800000000000003,0.62610734,0.0144,0.0144,0.2344,0.0248,0.0152,0.0184,0.42761678,0.07279959,0.35595366
-0.08064233,0.0038614534,0.012,0.010400000000000001,0.016,0.016,0.024,0.012,0.02,0.35448655,0.042056203,0.3135466,0.033759918,0.0032225773,0.0288,0.0128,0.0152,0.3456,0.0296,0.0152,0.02,0.36479032,0.04562907,0.32072803,0.0043969415,0.0184,0.5491265,0.0128,0.016800000000000002,0.0184,0.0288,0.0152,0.02,0.49276975,0.066123776,0.42801517
-0.08020585,0.003646873,0.016800000000000002,0.0128,0.0136,0.3816,0.020800000000000003,0.0152,0.0152,0.21607085,0.05173191,0.1634813,0.03372351,0.0032589845,0.0328,0.016,0.0096,0.3296,0.02,0.02,0.0144,0.32762462,0.05384243,0.27185103,0.004045708,0.016800000000000002,0.4477632,0.0096,0.0192,0.0192,0.0288,0.0128,0.020800000000000003,0.3366153,0.048249852,0.28710163
-0.08008537,0.003193546,0.048,0.012,0.0152,0.272,0.024,0.0136,0.0192,0.32175767,0.044717018,0.2807067,0.03358993,0.0032766126,0.06319999999999999,0.0128,0.0128,0.392,0.0296,0.0152,0.016800000000000002,0.37122703,0.04248336,0.33458576,0.0038315477,0.0528,0.58540714,0.0128,0.016,0.25120000000000003,0.032,0.0144,0.02,0.47329822,0.058832087,0.42022943
-0.07985814,0.0030772686,0.0136,0.0096,0.017599999999999998,0.40480000000000005,0.024,0.010400000000000001,0.0192,0.26605496,0.030012894,0.23665363,0.033525232,0.0029934496,0.032,0.0144,0.0128,0.4008,0.0272,0.017599999999999998,0.017599999999999998,0.36884385,0.044252314,0.3284921,0.0034949605,0.0248,0.7174172,0.0152,0.0136,0.39280000000000004,0.0296,0.017599999999999998,0.0152,0.44296712,0.06547759,0.3806933
-0.07975762,0.0030876994,0.012,0.010400000000000001,0.016,0.3776,0.0256,0.0112,0.02,0.32247663,0.032335997,0.29252055,0.033500645,0.0030180365,0.028,0.0136,0.0144,0.42160000000000003,0.0288,0.0136,0.02,0.37754637,0.038726166,0.341137,0.0036761789,0.020800000000000003,0.768147,0.0128,0.016,0.12079999999999999,0.0272,0.016800000000000002,0.02,0.49424565,0.057110734,0.44052228
-0.079733655,0.0029527843,0.016,0.0136,0.0128,0.3488,0.02,0.0152,0.0152,0.2950678,0.045852784,0.25079933,0.033486266,0.0029164627,0.0272,0.0112,0.017599999999999998,0.4224,0.033600000000000005,0.0144,0.0216,0.35934344,0.035269402,0.32571697,0.0035105865,0.020800000000000003,0.72831637,0.0136,0.0152,0.3288,0.033600000000000005,0.016,0.0192,0.45939195,0.05750364,0.40420425
-0.07967729,0.0031183176,0.0152,0.0112,0.0136,0.0848,0.0192,0.0136,0.0152,0.27753565,0.03983202,0.2364847,0.033621468,0.0026653074,0.0264,0.012,0.017599999999999998,0.38799999999999996,0.032,0.0136,0.02,0.3206726,0.03461658,0.2846111,0.0036234523,0.0184,0.69393724,0.0112,0.016,0.3464,0.032,0.012,0.0216,0.41844323,0.04650338,0.37009186
-0.079836614,0.0028338432,0.0096,0.008799999999999999,0.016,0.3344,0.0232,0.008799999999999999,0.016800000000000002,0.29184955,0.024242677,0.26810658,0.03348766,0.0026831627,0.0288,0.016800000000000002,0.0128,0.4192,0.0264,0.017599999999999998,0.016800000000000002,0.37789375,0.04627008,0.33313572,0.003503701,0.017599999999999998,0.7295369,0.012,0.0152,0.38799999999999996,0.0288,0.0128,0.0192,0.46944433,0.046322946,0.4250521
-0.07991362,0.0029108524,0.0128,0.0096,0.016,0.3792,0.0224,0.0112,0.016,0.2748326,0.030264258,0.24454367,0.03348418,0.0025706887,0.0248,0.010400000000000001,0.0184,0.4224,0.0288,0.0136,0.0216,0.36612546,0.027860178,0.3418912,0.0033294223,0.02,0.6851705,0.0128,0.0152,0.4152,0.0256,0.0144,0.0184,0.44449198,0.050797533,0.39488918
-0.08005829,0.0028336272,0.012,0.008799999999999999,0.016,0.408,0.0248,0.010400000000000001,0.0192,0.39042985,0.028524872,0.36424607,0.033490907,0.0026799142,0.0288,0.0136,0.0144,0.424,0.0256,0.016,0.016800000000000002,0.37406504,0.036760904,0.33765566,0.0033020135,0.017599999999999998,0.601389,0.0128,0.017599999999999998,0.4136,0.0384,0.0136,0.020800000000000003,0.53357077,0.042849742,0.49291024
-0.080013685,0.0025671236,0.012,0.0096,0.0136,0.404,0.0224,0.0128,0.016,0.26044697,0.029520001,0.2332646,0.033548187,0.0026226342,0.024,0.010400000000000001,0.0152,0.3544,0.0272,0.0112,0.0184,0.36357242,0.026963802,0.33597553,0.003214517,0.0232,0.8943465,0.016,0.0112,0.4152,0.0232,0.017599999999999998,0.0144,0.44656104,0.05678684,0.39199644
-0.08005164,0.0029379204,0.0112,0.010400000000000001,0.012,0.3608,0.0216,0.0128,0.0128,0.33862135,0.031034578,0.3081105,0.033540998,0.002629824,0.0256,0.0136,0.0136,0.4224,0.0328,0.0144,0.0192,0.4022438,0.037541106,0.36884916,0.0031450319,0.0112,0.36493638,0.008799999999999999,0.017599999999999998,0.3424,0.0304,0.0112,0.0216,0.45987868,0.030253842,0.43121153
-0.08007205,0.002958335,0.0496,0.008799999999999999,0.0152,0.2896,0.0232,0.0128,0.016,0.23122321,0.029531237,0.20459563,0.033631906,0.0025389157,0.0584,0.0064,0.020800000000000003,0.4504,0.04,0.0096,0.0256,0.3202637,0.01732438,0.3051898,0.0033475186,0.0584,0.86092705,0.0144,0.0144,0.3792,0.028,0.016,0.017599999999999998,0.39359924,0.0495454,0.34767514
-0.08026155,0.0027040392,0.010400000000000001,0.0064,0.017599999999999998,0.38720000000000004,0.0256,0.008799999999999999,0.0216,0.2979008,0.021616798,0.27881765,0.03360987,0.0025609508,0.0288,0.0128,0.016,0.41040000000000004,0.028,0.016800000000000002,0.016800000000000002,0.32531264,0.039319485,0.28785968,0.0032494636,0.0192,0.70151997,0.0128,0.016800000000000002,0.396,0.0288,0.0136,0.0216,0.43750525,0.046208166,0.39431265
-0.08024912,0.0031354055,0.016,0.0128,0.010400000000000001,0.39359999999999995,0.02,0.0136,0.0152,0.29945242,0.042293604,0.2577358,0.03359202,0.0028107092,0.0272,0.012,0.016800000000000002,0.4256,0.032,0.0152,0.020800000000000003,0.3936606,0.033529047,0.365368,0.0033526998,0.016,0.362006,0.010400000000000001,0.016,0.37679999999999997,0.0296,0.0128,0.02,0.4194597,0.041392185,0.37974864
-0.080399126,0.003063511,0.0112,0.008799999999999999,0.017599999999999998,0.3672,0.0256,0.0096,0.020800000000000003,0.33273727,0.028909653,0.30477825,0.03368779,0.0030627996,0.0304,0.016800000000000002,0.0136,0.29760000000000003,0.0288,0.016800000000000002,0.016,0.3904816,0.048901513,0.34456402,0.003696594,0.0232,0.82484627,0.0152,0.0136,0.2832,0.0264,0.017599999999999998,0.016,0.51260537,0.065653436,0.45112532
-0.08061126,0.0033865906,0.0128,0.010400000000000001,0.0128,0.3776,0.02,0.0128,0.017599999999999998,0.27637476,0.03876365,0.2373209,0.033811167,0.0029394217,0.0304,0.016800000000000002,0.0128,0.42879999999999996,0.0264,0.02,0.0184,0.35511145,0.053141564,0.30200475,0.0037613842,0.0192,0.71837765,0.0128,0.0136,0.332,0.0304,0.0152,0.02,0.4417971,0.059018828,0.3817567
-0.08097096,0.0030806027,0.0128,0.008,0.016800000000000002,0.3976,0.0264,0.0096,0.0192,0.3326863,0.029318884,0.30228642,0.033812795,0.0029377937,0.028,0.010400000000000001,0.016,0.424,0.0288,0.0144,0.020800000000000003,0.4043279,0.036845304,0.36954188,0.0037430602,0.0192,0.60409385,0.010400000000000001,0.017599999999999998,0.404,0.0248,0.0136,0.0216,0.50347143,0.04962942,0.45398766
-0.08128161,0.0030584075,0.0112,0.008,0.017599999999999998,0.4088,0.028,0.0096,0.0192,0.30028474,0.025953539,0.2747666,0.033918772,0.00294777,0.032,0.016800000000000002,0.012,0.4296,0.0216,0.02,0.0152,0.37262005,0.051585466,0.3249632,0.0036218115,0.020800000000000003,0.6710415,0.012,0.016,0.4184,0.0264,0.0144,0.02,0.46687123,0.05677279,0.4113382
-0.08160514,0.003603831,0.0128,0.008,0.016,0.1752,0.0248,0.010400000000000001,0.017599999999999998,0.29695743,0.03658109,0.2589021,0.03400574,0.0033246167,0.028,0.0112,0.0144,0.41119999999999995,0.0264,0.0152,0.0192,0.35690606,0.042035464,0.31655428,0.0039061287,0.028,1.0181309,0.0192,0.0112,0.41119999999999995,0.0264,0.020800000000000003,0.0144,0.45966294,0.08323831,0.37715122
-0.081821255,0.004041847,0.0112,0.008,0.017599999999999998,0.1368,0.0232,0.0096,0.0192,0.27431336,0.03705893,0.23659086,0.034116127,0.0034461375,0.032,0.016,0.010400000000000001,0.432,0.024,0.0192,0.0144,0.36513853,0.06015666,0.3057704,0.0045047393,0.0224,0.72353876,0.016800000000000002,0.012,0.0232,0.024,0.017599999999999998,0.016,0.44732565,0.08166021,0.36580256
-0.08198059,0.003979288,0.0152,0.010400000000000001,0.0128,0.408,0.0216,0.0136,0.016800000000000002,0.41845554,0.05241824,0.36797398,0.03416668,0.0035115387,0.0288,0.0128,0.0152,0.35600000000000004,0.0248,0.0144,0.017599999999999998,0.40630633,0.046987258,0.36328763,0.004424387,0.020800000000000003,0.72433645,0.0136,0.016,0.0216,0.0256,0.0152,0.0184,0.582632,0.07010214,0.51710564
-0.08222157,0.0037764683,0.016,0.0152,0.010400000000000001,0.4152,0.02,0.016800000000000002,0.0136,0.3404514,0.058776148,0.28131586,0.03413584,0.00331047,0.031200000000000002,0.016800000000000002,0.0112,0.42319999999999997,0.0256,0.020800000000000003,0.0152,0.35568562,0.061275523,0.29654938,0.0042898552,0.016,0.4942488,0.0112,0.016800000000000002,0.36,0.028,0.0144,0.02,0.46843475,0.056197517,0.4125809
-0.082123704,0.0039005019,0.0152,0.0112,0.0112,0.3888,0.020800000000000003,0.0136,0.016,0.36956674,0.052363634,0.31986183,0.034166917,0.0032793917,0.032,0.0184,0.0112,0.42879999999999996,0.0256,0.02,0.0136,0.37922308,0.061835542,0.3206666,0.004366112,0.016800000000000002,0.5688227,0.0112,0.016800000000000002,0.3904,0.028,0.0128,0.0192,0.5156381,0.05580828,0.46259338
-0.08205647,0.0042770617,0.016,0.0128,0.012,0.39999999999999997,0.020800000000000003,0.0152,0.0144,0.40246388,0.06246396,0.34288457,0.034168076,0.003626097,0.0264,0.0112,0.017599999999999998,0.3432,0.0264,0.0128,0.02,0.39145738,0.03930538,0.35377252,0.0049136486,0.0192,0.63897645,0.0128,0.016800000000000002,0.232,0.0264,0.0144,0.0192,0.5565155,0.07024957,0.48903173
-0.081791095,0.0044554807,0.0128,0.008799999999999999,0.016,0.0144,0.0232,0.010400000000000001,0.0184,0.3234859,0.0449929,0.27777517,0.034102447,0.0036917236,0.0272,0.012,0.017599999999999998,0.3968,0.0264,0.0144,0.020800000000000003,0.42827109,0.039481126,0.39232555,0.0048113666,0.0224,0.73541117,0.0152,0.0144,0.392,0.024,0.016800000000000002,0.016800000000000002,0.5272063,0.081821464,0.4461757
-0.08149996,0.0043862388,0.0144,0.010400000000000001,0.0144,0.2336,0.020800000000000003,0.0128,0.016800000000000002,0.35675773,0.053434152,0.3059433,0.034095947,0.003698226,0.0304,0.0136,0.0144,0.3896,0.0248,0.016,0.017599999999999998,0.36218673,0.048581406,0.31313846,0.004938509,0.017599999999999998,0.5675161,0.010400000000000001,0.016800000000000002,0.02,0.0272,0.0128,0.020800000000000003,0.49552152,0.060080767,0.4377355
-0.08125498,0.0045850575,0.010400000000000001,0.0096,0.016,0.0152,0.0232,0.012,0.0184,0.32857573,0.04629193,0.28353065,0.033954952,0.0037232656,0.0248,0.0112,0.016800000000000002,0.408,0.0264,0.012,0.0192,0.3894301,0.04039932,0.35035384,0.004996564,0.016800000000000002,0.59379673,0.0136,0.0152,0.02,0.024,0.0152,0.017599999999999998,0.49022162,0.07302737,0.41903377
-0.08110254,0.0046545155,0.012,0.010400000000000001,0.0144,0.017599999999999998,0.0224,0.0128,0.0184,0.32442036,0.053508304,0.2711651,0.033921327,0.00375689,0.028,0.0128,0.0152,0.4272,0.0232,0.016800000000000002,0.016800000000000002,0.41557506,0.050787523,0.36733848,0.0050699315,0.016,0.45971552,0.012,0.0152,0.0184,0.0232,0.0136,0.0184,0.47512645,0.07027071,0.4070819
-0.080783226,0.005222786,0.0144,0.0112,0.0128,0.016800000000000002,0.02,0.0136,0.016,0.2973953,0.064830706,0.23149192,0.033955645,0.003838528,0.0288,0.0136,0.0144,0.22319999999999998,0.0248,0.0144,0.0184,0.39436164,0.047975108,0.3469367,0.0056732604,0.017599999999999998,0.49180025,0.0112,0.0144,0.0184,0.0232,0.0128,0.016800000000000002,0.4483722,0.076176435,0.3712402
-0.08076103,0.005200591,0.0128,0.0112,0.0144,0.016,0.0216,0.012,0.016,0.22937682,0.06212925,0.16535957,0.033832736,0.0038454812,0.0272,0.012,0.0152,0.3864,0.0256,0.0144,0.016800000000000002,0.39377922,0.04494077,0.35516676,0.00541997,0.0128,0.28548962,0.0096,0.016,0.0152,0.0248,0.0112,0.017599999999999998,0.33099154,0.058034748,0.27185136
-0.08063368,0.005295135,0.0144,0.012,0.0128,0.016,0.02,0.0136,0.016,0.29441282,0.07012713,0.22451529,0.033893034,0.004248999,0.0288,0.012,0.0136,0.3944,0.0232,0.0136,0.017599999999999998,0.31968284,0.04408358,0.27678007,0.005677321,0.0224,0.6503285,0.0152,0.012,0.38799999999999996,0.0216,0.016800000000000002,0.0152,0.42787,0.1028487,0.32587704
-0.08058418,0.0058003813,0.0128,0.008799999999999999,0.0152,0.0152,0.0232,0.012,0.017599999999999998,0.28225002,0.06285004,0.21734515,0.03393825,0.0042037815,0.028,0.010400000000000001,0.0152,0.4208,0.0248,0.0128,0.0184,0.3525609,0.0409189,0.31186134,0.005986991,0.0224,0.69978034,0.0152,0.0136,0.0224,0.020800000000000003,0.016,0.0152,0.44298333,0.10386892,0.3369976
-0.080615476,0.00549883,0.010400000000000001,0.010400000000000001,0.016,0.0152,0.0232,0.012,0.0184,0.30916122,0.055730116,0.25368696,0.033906944,0.004351042,0.0272,0.012,0.0136,0.256,0.0232,0.0144,0.0152,0.38926008,0.050650403,0.34264687,0.0059034494,0.0144,0.37238955,0.012,0.016,0.0184,0.024,0.0128,0.0184,0.42960072,0.075821385,0.35595894
-0.08058841,0.006137453,0.0136,0.012,0.0136,0.017599999999999998,0.020800000000000003,0.0136,0.016,0.29030433,0.08037185,0.21008855,0.03390045,0.004589442,0.0256,0.0096,0.016,0.0144,0.0248,0.0112,0.0192,0.3380084,0.035082944,0.3031065,0.0065663606,0.016800000000000002,0.448985,0.012,0.0144,0.0192,0.0232,0.0136,0.017599999999999998,0.4082447,0.09252281,0.31474692
-0.080610596,0.006714385,0.0152,0.010400000000000001,0.0144,0.016800000000000002,0.0216,0.0128,0.0184,0.26489466,0.08297199,0.17935342,0.03388747,0.0048343316,0.036,0.016800000000000002,0.008799999999999999,0.0216,0.016800000000000002,0.0192,0.012,0.35910678,0.06831275,0.2955643,0.006987063,0.0184,0.3329128,0.010400000000000001,0.0152,0.0192,0.0224,0.0128,0.0184,0.36770558,0.097244166,0.26864132
-0.08055401,0.006435897,0.010400000000000001,0.0072,0.017599999999999998,0.0136,0.024,0.008799999999999999,0.02,0.35681126,0.05592957,0.30067134,0.0339204,0.0046854466,0.028,0.012,0.0152,0.0152,0.0224,0.0136,0.0184,0.32374,0.041195855,0.28176486,0.006753127,0.016,0.35801068,0.012,0.016800000000000002,0.0184,0.0232,0.0128,0.0184,0.44763017,0.08889095,0.35822484
-0.08054646,0.006761197,0.0112,0.0096,0.0144,0.0152,0.0224,0.0112,0.0192,0.3218589,0.06969336,0.25118473,0.03388028,0.0048415214,0.0264,0.010400000000000001,0.016800000000000002,0.42,0.0232,0.012,0.0184,0.36148468,0.03964236,0.3239158,0.006928855,0.0152,0.33691838,0.0112,0.0152,0.0192,0.024,0.0136,0.017599999999999998,0.423263,0.092958435,0.329963
-0.08051962,0.0062905587,0.0472,0.010400000000000001,0.016800000000000002,0.0152,0.0232,0.0112,0.02,0.4249918,0.078128085,0.35032347,0.033867985,0.004621908,0.064,0.012,0.0152,0.017599999999999998,0.0232,0.0144,0.017599999999999998,0.3672274,0.043691404,0.32849896,0.006724117,0.052000000000000005,0.40520525,0.012,0.016,0.02,0.024,0.0136,0.017599999999999998,0.5353403,0.10182495,0.4383763
-0.08038093,0.0059299767,0.0144,0.010400000000000001,0.0144,0.016,0.0232,0.012,0.017599999999999998,0.3265256,0.07123608,0.25485292,0.033931993,0.0043259934,0.0288,0.0112,0.016,0.3776,0.028,0.0128,0.0192,0.33093184,0.038274832,0.29278323,0.00614322,0.020800000000000003,0.54152,0.0136,0.0136,0.14959999999999998,0.0232,0.0152,0.016800000000000002,0.45038354,0.09936092,0.35043296
-0.080435745,0.0059847906,0.0136,0.012,0.0128,0.0184,0.0232,0.0144,0.016800000000000002,0.3288069,0.08043934,0.24703787,0.03391483,0.0045750625,0.0304,0.0144,0.010400000000000001,0.25120000000000003,0.0216,0.016800000000000002,0.0144,0.34554362,0.06763893,0.2782907,0.006333499,0.016800000000000002,0.50562626,0.0128,0.016,0.0192,0.024,0.0144,0.02,0.45502967,0.09256493,0.36161777
-0.08052561,0.005741805,0.0152,0.012,0.012,0.016800000000000002,0.0224,0.0144,0.016800000000000002,0.4158374,0.08002584,0.33695304,0.03384758,0.0044104047,0.0296,0.012,0.0152,0.1544,0.0232,0.0144,0.016,0.4243869,0.04897073,0.3796289,0.006035378,0.0152,0.3131824,0.010400000000000001,0.0184,0.016,0.0264,0.0128,0.0216,0.5263586,0.073835574,0.45431218
-0.080670945,0.004888609,0.0128,0.0072,0.0184,0.1312,0.0264,0.008,0.020800000000000003,0.35874933,0.042381395,0.3174765,0.033938482,0.004087597,0.031200000000000002,0.012,0.0152,0.3776,0.0248,0.0136,0.017599999999999998,0.35911345,0.042998925,0.31876168,0.005273462,0.0192,0.43710202,0.012,0.016800000000000002,0.0184,0.0264,0.0128,0.02,0.47703892,0.07163853,0.40803
-0.080791436,0.0044543594,0.008,0.008799999999999999,0.0184,0.0128,0.0272,0.0096,0.02,0.31309503,0.03489106,0.27859008,0.03386242,0.0036998447,0.0264,0.0136,0.0144,0.36160000000000003,0.0256,0.0152,0.017599999999999998,0.4476988,0.05298659,0.39830264,0.004877623,0.0144,0.5201799,0.0112,0.016,0.0184,0.0256,0.0152,0.020800000000000003,0.49420446,0.064385146,0.43149844
-0.08105461,0.004384689,0.0152,0.0128,0.0128,0.41040000000000004,0.0224,0.0136,0.016,0.3258629,0.06078656,0.26373178,0.033928744,0.0036335196,0.0288,0.0136,0.0152,0.39840000000000003,0.0248,0.0144,0.016,0.33592004,0.046624467,0.29127797,0.0049785348,0.016,0.4934186,0.010400000000000001,0.017599999999999998,0.0376,0.0288,0.012,0.0216,0.44609863,0.057546943,0.38783014
-0.0812075,0.0042047314,0.012,0.008799999999999999,0.016800000000000002,0.33999999999999997,0.0264,0.0096,0.02,0.36197546,0.04310022,0.3212574,0.03399855,0.0035637151,0.0264,0.0112,0.017599999999999998,0.324,0.028,0.0112,0.0224,0.3997517,0.033768237,0.3682124,0.0049627325,0.0184,0.5599883,0.0112,0.016,0.0192,0.0272,0.0136,0.0216,0.51902646,0.06759357,0.45454398
-0.08144447,0.0041088574,0.0112,0.008,0.016800000000000002,0.0144,0.0256,0.008799999999999999,0.02,0.3470924,0.034446724,0.31225458,0.033971183,0.0035910811,0.032,0.016,0.0136,0.24960000000000002,0.0232,0.016800000000000002,0.016800000000000002,0.35685015,0.058417417,0.29922134,0.0047340826,0.0232,0.7215982,0.0144,0.0136,0.020800000000000003,0.0264,0.016800000000000002,0.017599999999999998,0.49630988,0.08361631,0.4126956
-0.08149152,0.0038230643,0.0152,0.010400000000000001,0.0136,0.392,0.0224,0.0128,0.016,0.31925464,0.046343397,0.27498618,0.03396933,0.0032450706,0.032,0.0152,0.012,0.3704,0.0256,0.0184,0.0184,0.37992015,0.052809775,0.32890067,0.004050225,0.016800000000000002,0.47536272,0.010400000000000001,0.017599999999999998,0.0976,0.028,0.012,0.020800000000000003,0.45773247,0.050019454,0.4096402
-0.08152725,0.0033040456,0.016,0.012,0.012,0.3968,0.020800000000000003,0.0128,0.016,0.29257163,0.04300363,0.2517426,0.033909034,0.0031894147,0.0296,0.012,0.016800000000000002,0.3832,0.0248,0.0152,0.0192,0.40195352,0.043682225,0.35905078,0.004038011,0.024,0.82186514,0.0136,0.0128,0.044,0.0248,0.016,0.0184,0.49359685,0.06694347,0.4299373
-0.08150173,0.003611371,0.0136,0.012,0.016,0.1776,0.0224,0.0128,0.016800000000000002,0.31725764,0.04308685,0.27443153,0.03393269,0.0031657591,0.0272,0.0112,0.016800000000000002,0.38239999999999996,0.0288,0.0136,0.020800000000000003,0.36820972,0.04258596,0.3290175,0.004157466,0.0216,0.78338647,0.0144,0.0144,0.2288,0.0264,0.0152,0.0184,0.48462516,0.070201114,0.4162908
-0.08135417,0.0033528656,0.0144,0.008799999999999999,0.016800000000000002,0.316,0.0232,0.0112,0.0192,0.3758973,0.037607145,0.34139228,0.03389628,0.0030862167,0.028,0.0112,0.0184,0.3688,0.0304,0.0136,0.0192,0.40456316,0.03450314,0.3731398,0.0038399205,0.0216,0.71118873,0.0128,0.016,0.32080000000000003,0.0264,0.016,0.0216,0.5488472,0.058859598,0.49514174
-0.08112784,0.0032374822,0.008799999999999999,0.008,0.016800000000000002,0.3912,0.0248,0.010400000000000001,0.0192,0.28924784,0.026847363,0.26184356,0.033751108,0.0031154342,0.024,0.012,0.016,0.42319999999999997,0.0272,0.0144,0.016800000000000002,0.3783542,0.039428744,0.33962575,0.0037780388,0.0192,0.8220495,0.0144,0.0144,0.2952,0.0288,0.017599999999999998,0.0184,0.4740577,0.0606231,0.4142753
-0.0806958,0.002916392,0.0072,0.0056,0.020800000000000003,0.39840000000000003,0.028,0.0056,0.0224,0.3111558,0.017482605,0.29318213,0.03372096,0.0030296296,0.0272,0.0144,0.016800000000000002,0.424,0.028,0.0144,0.017599999999999998,0.3861242,0.039928764,0.34971482,0.003472022,0.0272,1.0604668,0.02,0.0096,0.424,0.020800000000000003,0.0216,0.0136,0.48891428,0.07400881,0.41817826
-0.080344535,0.0030089207,0.010400000000000001,0.0128,0.012,0.372,0.0232,0.0136,0.0144,0.209025,0.029685348,0.17906891,0.033618454,0.0025523677,0.0224,0.010400000000000001,0.017599999999999998,0.42,0.0304,0.0128,0.020800000000000003,0.3835761,0.02914331,0.3571387,0.00347615,0.0128,0.52446896,0.0112,0.016,0.24,0.028,0.0152,0.02,0.37300697,0.035849176,0.33768383
-0.08014239,0.0031396225,0.0112,0.008799999999999999,0.0152,0.29279999999999995,0.0256,0.010400000000000001,0.0184,0.36119887,0.029753335,0.3364573,0.03361312,0.0025577024,0.0328,0.0184,0.008,0.3296,0.0264,0.02,0.0128,0.3815478,0.052107003,0.32577425,0.0034858135,0.0184,0.6866541,0.0136,0.017599999999999998,0.1672,0.032,0.0144,0.0192,0.5212243,0.049909458,0.47514004
-0.07998995,0.002765283,0.0112,0.008799999999999999,0.0144,0.4024,0.0248,0.010400000000000001,0.020800000000000003,0.30832803,0.028284777,0.28014714,0.033517573,0.0026532486,0.0216,0.0072,0.0224,0.4144,0.032,0.010400000000000001,0.0232,0.36635876,0.01945867,0.34664667,0.003525482,0.0216,0.8519892,0.0144,0.0144,0.4144,0.0232,0.0152,0.016,0.4787487,0.054457366,0.4241699
-0.07981686,0.0027031451,0.0112,0.008799999999999999,0.016,0.348,0.024,0.010400000000000001,0.0184,0.38631883,0.027192976,0.360135,0.033508766,0.0025461018,0.0288,0.0144,0.0144,0.4208,0.0256,0.016,0.016800000000000002,0.37690315,0.040988028,0.3366673,0.0032758059,0.016,0.6002672,0.0096,0.0144,0.3528,0.0272,0.0128,0.0216,0.531683,0.03947578,0.493918
-0.07967841,0.002786588,0.0128,0.0096,0.0144,0.40559999999999996,0.020800000000000003,0.0128,0.0152,0.29224643,0.03182634,0.25996044,0.03348488,0.0028018951,0.0256,0.0112,0.016,0.4008,0.0272,0.0128,0.0184,0.36745316,0.031799898,0.33950838,0.0032098992,0.0256,1.0610986,0.016800000000000002,0.0112,0.4008,0.0272,0.0184,0.016,0.4633379,0.060601268,0.40581554
-0.07980754,0.0026938245,0.010400000000000001,0.0072,0.0184,0.35919999999999996,0.0256,0.008799999999999999,0.0192,0.33017755,0.021927793,0.3092083,0.033382602,0.0025563128,0.024,0.0096,0.0192,0.4136,0.036,0.010400000000000001,0.0224,0.39442092,0.027177278,0.36798352,0.0034735831,0.020800000000000003,0.7789719,0.0136,0.0136,0.35600000000000004,0.028,0.016,0.017599999999999998,0.512066,0.050797533,0.46266633
-0.07975651,0.0028646924,0.0136,0.010400000000000001,0.0128,0.2944,0.0224,0.0136,0.016,0.3269692,0.032834142,0.2955708,0.033441514,0.002497401,0.0272,0.0128,0.0152,0.42319999999999997,0.1416,0.0152,0.0192,0.38710663,0.03389213,0.35777044,0.0032907703,0.0152,0.57936794,0.008799999999999999,0.017599999999999998,0.3248,0.031200000000000002,0.0112,0.0232,0.4855497,0.034701508,0.4541451
-0.079731435,0.0027286634,0.010400000000000001,0.0064,0.016800000000000002,0.4072,0.0232,0.0096,0.02,0.3051624,0.023601163,0.2817523,0.033498093,0.0024408214,0.0304,0.016,0.012,0.424,0.12560000000000002,0.0192,0.012,0.40914476,0.045326263,0.3667058,0.003265637,0.017599999999999998,0.69567597,0.012,0.016,0.39840000000000003,0.0248,0.0136,0.0192,0.49647164,0.042150836,0.4569167
-0.079944246,0.0028305277,0.0136,0.0112,0.012,0.39999999999999997,0.02,0.012,0.016800000000000002,0.35427183,0.034250412,0.32132012,0.03349531,0.0025595576,0.028,0.016800000000000002,0.0152,0.4248,0.0248,0.016800000000000002,0.0184,0.36705354,0.03972455,0.32960063,0.0032604525,0.017599999999999998,0.6981179,0.0128,0.016,0.404,0.031200000000000002,0.0136,0.016800000000000002,0.5073247,0.043847132,0.46539724
-0.08009136,0.0027557425,0.012,0.0112,0.016,0.408,0.0232,0.012,0.017599999999999998,0.33534765,0.029686544,0.30650106,0.033529405,0.002641417,0.0272,0.0136,0.0128,0.4248,0.031200000000000002,0.0152,0.0216,0.3760355,0.035889845,0.34287283,0.0032566104,0.020800000000000003,0.78140473,0.0136,0.016800000000000002,0.40480000000000005,0.028,0.0152,0.017599999999999998,0.50290495,0.05259794,0.45264667
-0.08014928,0.0028136633,0.0136,0.0112,0.0128,0.4072,0.0232,0.0112,0.017599999999999998,0.29136378,0.032632332,0.25885588,0.033539604,0.002863124,0.031200000000000002,0.0144,0.010400000000000001,0.4296,0.0288,0.016800000000000002,0.0152,0.39296973,0.04336528,0.3557487,0.003168015,0.0256,0.91728806,0.016800000000000002,0.0128,0.424,0.0344,0.017599999999999998,0.0144,0.48914263,0.061792754,0.43097708
-0.08015593,0.0031531602,0.008799999999999999,0.008799999999999999,0.016800000000000002,0.31520000000000004,0.0256,0.010400000000000001,0.017599999999999998,0.30345273,0.025697958,0.2783784,0.03361938,0.002783347,0.020800000000000003,0.008799999999999999,0.0184,0.3864,0.0408,0.012,0.0224,0.3581823,0.026797337,0.33197683,0.0037328978,0.020800000000000003,0.84147435,0.0144,0.0136,0.31520000000000004,0.0224,0.017599999999999998,0.016800000000000002,0.46928024,0.06403853,0.40708196
-0.08030704,0.0031933188,0.016,0.0112,0.0128,0.4136,0.0224,0.0136,0.016800000000000002,0.2701044,0.042675223,0.2272783,0.03356256,0.0029561222,0.024,0.008,0.0216,0.404,0.0344,0.0096,0.0232,0.39535123,0.024097618,0.3747115,0.0038894166,0.024,0.8633786,0.0136,0.0144,0.3432,0.0304,0.017599999999999998,0.017599999999999998,0.4760174,0.06434975,0.4138243
-0.0803634,0.0032496825,0.012,0.010400000000000001,0.0144,0.4016,0.024,0.0136,0.016800000000000002,0.2749884,0.035986163,0.23926301,0.03362402,0.0028946623,0.028,0.0136,0.0144,0.4184,0.0248,0.016,0.016,0.35980582,0.043916248,0.3149319,0.0037893553,0.020800000000000003,0.7370329,0.016,0.0144,0.41040000000000004,0.0264,0.017599999999999998,0.0152,0.44544286,0.06400113,0.38127002
-0.08067782,0.0031203106,0.010400000000000001,0.0072,0.0184,0.3968,0.0248,0.0096,0.0192,0.2880172,0.027804963,0.26116773,0.03370194,0.0028167404,0.0272,0.012,0.016,0.4008,0.0272,0.0136,0.017599999999999998,0.33417863,0.03651698,0.29765332,0.003733238,0.0192,0.68189365,0.0128,0.016,0.308,0.0288,0.0152,0.017599999999999998,0.43423185,0.054445043,0.37944597
-0.080766365,0.0035417005,0.016,0.0112,0.0144,0.3904,0.0224,0.0128,0.016800000000000002,0.25568303,0.0445392,0.20919563,0.03390347,0.0029630736,0.0272,0.0096,0.017599999999999998,0.4272,0.0368,0.0128,0.0216,0.32577196,0.030128887,0.29666767,0.0038923502,0.0264,0.82046884,0.016,0.012,0.41759999999999997,0.0224,0.0192,0.0152,0.41263568,0.07718188,0.3341459
-0.081114076,0.0038894117,0.0144,0.0096,0.016,0.2328,0.0256,0.0112,0.016800000000000002,0.2909075,0.04482408,0.24708289,0.033973273,0.0032411292,0.0256,0.0096,0.0184,0.25279999999999997,0.0288,0.0128,0.0224,0.36861604,0.027534759,0.34345415,0.004417674,0.0256,0.82371205,0.0144,0.012,0.0224,0.0192,0.0184,0.0152,0.46811607,0.08275935,0.3871574
-0.08148486,0.004149247,0.0136,0.008799999999999999,0.0144,0.3832,0.0224,0.0136,0.0152,0.3406628,0.044464316,0.2982805,0.034048177,0.0032821782,0.0256,0.0096,0.017599999999999998,0.424,0.028,0.0128,0.02,0.3220626,0.035341717,0.28507346,0.0044535124,0.0192,0.5880404,0.012,0.0136,0.02,0.0248,0.0144,0.0184,0.4620998,0.0659319,0.39769286
-0.08170587,0.0035936162,0.0136,0.0128,0.0128,0.4008,0.0216,0.0128,0.0136,0.3219092,0.04711194,0.2744232,0.034092706,0.0031216964,0.0264,0.0136,0.016800000000000002,0.3944,0.024,0.0144,0.020800000000000003,0.3340029,0.04503929,0.28924495,0.0040944056,0.0136,0.49977732,0.0096,0.017599999999999998,0.4008,0.028,0.012,0.0224,0.44260046,0.043998808,0.39847755
-0.082019635,0.0037964322,0.0152,0.010400000000000001,0.0152,0.32,0.0216,0.012,0.017599999999999998,0.33744723,0.04927684,0.2907379,0.0340832,0.0032471567,0.033600000000000005,0.016800000000000002,0.010400000000000001,0.3488,0.0232,0.02,0.0144,0.37487495,0.058343954,0.31701422,0.0043253764,0.020800000000000003,0.59809417,0.0128,0.0152,0.3248,0.0272,0.0152,0.0184,0.48995012,0.06846059,0.42476517
-0.08216432,0.004384909,0.0128,0.010400000000000001,0.0136,0.24400000000000002,0.0224,0.012,0.017599999999999998,0.3207014,0.052073937,0.26977608,0.034171317,0.0037388094,0.0304,0.0144,0.0112,0.268,0.0224,0.0192,0.016,0.3530839,0.059283897,0.29371578,0.004710953,0.0216,0.7686796,0.0152,0.0144,0.020800000000000003,0.0248,0.016800000000000002,0.017599999999999998,0.4759888,0.083804876,0.3914355
-0.082171194,0.004502736,0.0112,0.010400000000000001,0.0136,0.1632,0.0224,0.012,0.017599999999999998,0.30610934,0.048171196,0.25773582,0.034118675,0.003907405,0.0272,0.0136,0.0144,0.22,0.0224,0.0152,0.017599999999999998,0.42920637,0.05655431,0.37505615,0.0051805945,0.016800000000000002,0.55909055,0.012,0.0152,0.0192,0.0248,0.0152,0.017599999999999998,0.48715818,0.073714964,0.41281405
-0.08209575,0.0046491884,0.0136,0.010400000000000001,0.0144,0.3712,0.0216,0.012,0.017599999999999998,0.36491248,0.05806691,0.30821782,0.03412703,0.0037830956,0.0264,0.0096,0.017599999999999998,0.33599999999999997,0.0296,0.0136,0.02,0.35603082,0.037065312,0.31904167,0.0050832094,0.0184,0.5964928,0.012,0.016,0.02,0.0256,0.0144,0.02,0.50189435,0.07378115,0.43015426
-0.081901364,0.0044548027,0.012,0.010400000000000001,0.016,0.1288,0.0232,0.0128,0.017599999999999998,0.3475996,0.051843975,0.29667425,0.03414836,0.0037617646,0.0264,0.0112,0.016800000000000002,0.4192,0.0248,0.0152,0.0192,0.32032266,0.0435505,0.27834758,0.005159152,0.017599999999999998,0.52867585,0.0128,0.0144,0.0192,0.0248,0.0144,0.017599999999999998,0.4617115,0.07628039,0.38669333
-0.081772886,0.0048810653,0.0136,0.0096,0.0152,0.016,0.0224,0.0112,0.016800000000000002,0.39247882,0.05490815,0.34011117,0.03403009,0.004111942,0.0288,0.0096,0.016800000000000002,0.17200000000000001,0.0256,0.0128,0.0192,0.4136627,0.04007715,0.3770215,0.005266695,0.0232,0.6772203,0.0152,0.0128,0.0232,0.0248,0.016800000000000002,0.016,0.56507874,0.09392483,0.47644284
-0.08145379,0.0050057657,0.0144,0.0112,0.0144,0.0184,0.0216,0.0136,0.016800000000000002,0.3890322,0.066471756,0.3240164,0.03400226,0.00402382,0.0272,0.0112,0.016,0.3704,0.024,0.012,0.0184,0.42213088,0.04195988,0.38340247,0.0054809046,0.0184,0.5498895,0.012,0.0152,0.02,0.0256,0.0136,0.017599999999999998,0.5522846,0.080119334,0.474024
-0.08117577,0.005060587,0.0144,0.0128,0.0128,0.0184,0.020800000000000003,0.0136,0.016,0.31032795,0.0720074,0.23676911,0.03398788,0.00438606,0.0256,0.008799999999999999,0.017599999999999998,0.0152,0.0272,0.0112,0.0192,0.4075225,0.037619084,0.3727365,0.005765597,0.016800000000000002,0.4997104,0.012,0.016800000000000002,0.0192,0.0256,0.0128,0.0184,0.46765456,0.07703275,0.3899158
-0.08099336,0.0056548193,0.0472,0.0096,0.0152,0.0152,0.024,0.010400000000000001,0.0184,0.37467062,0.0645843,0.31608987,0.033920165,0.004337821,0.0648,0.0128,0.0136,0.46240000000000003,0.0232,0.0152,0.016,0.39882326,0.05069607,0.35186213,0.0059836404,0.056799999999999996,0.6790506,0.0152,0.0136,0.0216,0.0224,0.016800000000000002,0.016,0.54204,0.10610367,0.44343963
-0.08076526,0.0065362044,0.012,0.008799999999999999,0.0152,0.016,0.024,0.012,0.017599999999999998,0.32930583,0.068308875,0.2609616,0.033890944,0.0047149025,0.0264,0.0096,0.016800000000000002,0.0152,0.024,0.0112,0.0184,0.37864855,0.03453631,0.3466454,0.0067254384,0.0144,0.23778144,0.0096,0.0152,0.016800000000000002,0.024,0.012,0.0184,0.4092297,0.081492536,0.32767633
-0.08069425,0.006465193,0.0128,0.0096,0.0152,0.016,0.0216,0.012,0.017599999999999998,0.30733252,0.07359795,0.23355177,0.033855695,0.004750151,0.0264,0.008799999999999999,0.016800000000000002,0.3688,0.0264,0.010400000000000001,0.02,0.3885032,0.031409234,0.35951486,0.0065890476,0.0136,0.19419701,0.010400000000000001,0.016800000000000002,0.016,0.024,0.0112,0.0192,0.37652838,0.075233534,0.30168858
-0.080657415,0.0065393075,0.0504,0.0128,0.0136,0.017599999999999998,0.020800000000000003,0.0144,0.016,0.40430054,0.09688263,0.31143668,0.033861727,0.00474412,0.0696,0.016800000000000002,0.0096,0.0224,0.0184,0.0184,0.012,0.32959676,0.068820365,0.26361927,0.0067085624,0.0504,0.22510679,0.010400000000000001,0.016,0.017599999999999998,0.0232,0.0128,0.017599999999999998,0.46766958,0.09005341,0.38188508
-0.08070246,0.0066953003,0.0136,0.0112,0.0144,0.017599999999999998,0.020800000000000003,0.0128,0.017599999999999998,0.4142318,0.0858611,0.32980004,0.03380653,0.0047993176,0.033600000000000005,0.016800000000000002,0.008799999999999999,0.4024,0.0184,0.0184,0.0112,0.3709969,0.07529795,0.2987579,0.0068477048,0.0136,0.21137299,0.0096,0.016800000000000002,0.017599999999999998,0.0248,0.012,0.0184,0.48284864,0.080438025,0.40431008
-0.080662966,0.006433908,0.017599999999999998,0.0128,0.0136,0.0184,0.020800000000000003,0.0144,0.0152,0.38483313,0.10282497,0.28387004,0.033840854,0.004880946,0.031200000000000002,0.0112,0.0144,0.0992,0.0232,0.0144,0.017599999999999998,0.3183508,0.042284258,0.28020212,0.006811049,0.024,0.6192531,0.0152,0.0128,0.020800000000000003,0.020800000000000003,0.017599999999999998,0.016,0.49815375,0.12428821,0.37779075
-0.08058418,0.006466076,0.0144,0.012,0.0136,0.017599999999999998,0.02,0.0128,0.016800000000000002,0.30443966,0.08354858,0.22178304,0.033909034,0.0046968125,0.0296,0.0128,0.0144,0.42160000000000003,0.0232,0.0136,0.017599999999999998,0.32901892,0.05063942,0.28217375,0.0067076245,0.016,0.3256342,0.0112,0.016,0.017599999999999998,0.024,0.0128,0.017599999999999998,0.39369708,0.087977454,0.30740705
-0.08054802,0.0062080137,0.012,0.0112,0.0152,0.0184,0.0216,0.0136,0.0184,0.38416123,0.07547937,0.30971482,0.033907637,0.0046982095,0.0304,0.0144,0.012,0.2112,0.02,0.016,0.0144,0.35291225,0.06652087,0.28658688,0.006514012,0.0184,0.5532315,0.0144,0.0136,0.0216,0.0224,0.016,0.016800000000000002,0.5122903,0.10691945,0.4053843
-0.080515616,0.006064661,0.0128,0.010400000000000001,0.016,0.016,0.024,0.0112,0.0184,0.3262392,0.06741133,0.25800592,0.03386868,0.0046212114,0.0288,0.010400000000000001,0.016,0.3664,0.0248,0.0128,0.0184,0.39627257,0.047047436,0.35186243,0.006665874,0.0184,0.46646583,0.012,0.0144,0.02,0.024,0.0144,0.0184,0.46960154,0.09574005,0.37303588
-0.080504745,0.0062756874,0.0144,0.0112,0.0152,0.017599999999999998,0.0232,0.0136,0.016800000000000002,0.39031503,0.08089827,0.31109786,0.03388932,0.0047165267,0.0304,0.012,0.0136,0.3712,0.024,0.0144,0.0152,0.36641657,0.055157747,0.31180254,0.006534033,0.016,0.33781463,0.0112,0.016800000000000002,0.0184,0.0248,0.0128,0.0184,0.4896949,0.08500891,0.4066579
-0.080407776,0.005623974,0.0112,0.008799999999999999,0.016800000000000002,0.0152,0.0248,0.010400000000000001,0.020800000000000003,0.3191412,0.056545973,0.26155898,0.033894885,0.0042471476,0.0272,0.010400000000000001,0.016800000000000002,0.408,0.0248,0.0128,0.02,0.38241836,0.042943668,0.34206656,0.006012579,0.0184,0.49491268,0.0144,0.0152,0.0216,0.0224,0.0152,0.017599999999999998,0.46247894,0.09465071,0.36761713
-0.08043707,0.0047656856,0.0184,0.0144,0.0112,0.0216,0.0192,0.016800000000000002,0.0136,0.26877728,0.08209552,0.18689732,0.03384642,0.004063707,0.031200000000000002,0.0144,0.0128,0.332,0.0248,0.016,0.016800000000000002,0.3985907,0.055517793,0.34780312,0.0053541665,0.0184,0.47325543,0.012,0.0152,0.0192,0.024,0.0136,0.0192,0.42090797,0.074978,0.34786892
-0.08052893,0.004635647,0.053599999999999995,0.0136,0.0128,0.06720000000000001,0.02,0.0152,0.0144,0.3370016,0.07371326,0.26677123,0.033864275,0.0035820343,0.0664,0.012,0.0128,0.2952,0.0248,0.0152,0.0184,0.37406844,0.046037845,0.3316295,0.0049468162,0.053599999999999995,0.3565774,0.0112,0.016,0.017599999999999998,0.0256,0.0136,0.02,0.4463789,0.069390774,0.38141614
-0.08063478,0.004186753,0.012,0.008799999999999999,0.017599999999999998,0.07600000000000001,0.0256,0.010400000000000001,0.02,0.4374724,0.04294151,0.39608866,0.03381604,0.003514316,0.032,0.016,0.0136,0.3952,0.0224,0.017599999999999998,0.017599999999999998,0.38647354,0.054999016,0.3347583,0.0046855337,0.0232,0.64544344,0.016800000000000002,0.0136,0.024,0.0256,0.0184,0.016800000000000002,0.5819516,0.090516694,0.49618018
-0.080726646,0.0045005158,0.016800000000000002,0.0144,0.012,0.2712,0.02,0.0144,0.0152,0.35415044,0.0685489,0.28680474,0.03385662,0.0037056431,0.0264,0.008799999999999999,0.016800000000000002,0.3968,0.0272,0.012,0.020800000000000003,0.36496928,0.03671261,0.3298354,0.004920593,0.0192,0.51654005,0.0144,0.0136,0.0216,0.0256,0.0152,0.017599999999999998,0.48819458,0.07526615,0.41486388
-0.0809046,0.003679935,0.016,0.012,0.0152,0.3632,0.0232,0.0128,0.016,0.2854681,0.049190067,0.23642889,0.033829954,0.0031525418,0.0248,0.008,0.0192,0.42160000000000003,0.0296,0.010400000000000001,0.0248,0.40004063,0.028272718,0.37406707,0.004268178,0.0184,0.58050555,0.0112,0.0192,0.3488,0.031200000000000002,0.0128,0.020800000000000003,0.4581053,0.05509518,0.4045735
-0.08117044,0.0031691343,0.0128,0.008799999999999999,0.0144,0.41040000000000004,0.024,0.0112,0.02,0.29900923,0.03328725,0.26860932,0.03387703,0.0031054653,0.031200000000000002,0.016,0.0144,0.39999999999999997,0.031200000000000002,0.016800000000000002,0.016,0.3832861,0.053512324,0.3283242,0.0039121467,0.0184,0.62651545,0.0112,0.017599999999999998,0.3888,0.0288,0.0136,0.02,0.46695054,0.05079102,0.41812873
-0.08135506,0.0032428019,0.0152,0.0096,0.0112,0.1704,0.0224,0.012,0.0152,0.29468182,0.04008927,0.2539637,0.033893958,0.0029725842,0.0256,0.012,0.0192,0.3656,0.028,0.0128,0.0232,0.365721,0.028681403,0.33371785,0.0037674173,0.020800000000000003,0.6881829,0.0136,0.016800000000000002,0.17679999999999998,0.028,0.0144,0.0192,0.45989475,0.055587698,0.40264794
-0.08147932,0.0033670627,0.0112,0.0096,0.016,0.3496,0.024,0.010400000000000001,0.0184,0.24042615,0.032715607,0.20847298,0.033916686,0.0030658096,0.0232,0.0096,0.0192,0.4024,0.0304,0.012,0.0232,0.3642122,0.03209132,0.33035383,0.003915155,0.0224,0.8093359,0.016800000000000002,0.0128,0.312,0.0256,0.017599999999999998,0.0144,0.42951643,0.07076357,0.35850376
-0.0816089,0.0031637996,0.0144,0.010400000000000001,0.0144,0.376,0.0216,0.0136,0.016,0.41172138,0.03764336,0.37555218,0.03389025,0.0029762909,0.0248,0.0112,0.017599999999999998,0.384,0.033600000000000005,0.012,0.0224,0.43621585,0.030229954,0.40954655,0.003563689,0.017599999999999998,0.652795,0.0112,0.0184,0.3288,0.0296,0.012,0.0232,0.5920285,0.045446157,0.54948103
-0.08154189,0.0029858388,0.0152,0.010400000000000001,0.012,0.4072,0.0216,0.0152,0.0136,0.33838737,0.039312065,0.30044302,0.033877723,0.0027569123,0.0216,0.0072,0.020800000000000003,0.4128,0.032,0.010400000000000001,0.0248,0.34345964,0.019474726,0.3271102,0.003532865,0.0248,0.8952438,0.016,0.010400000000000001,0.37679999999999997,0.024,0.0192,0.0152,0.47962606,0.06497568,0.41848993
-0.081387006,0.0030528568,0.016,0.012,0.0096,0.40559999999999996,0.0184,0.012,0.016,0.2641646,0.0393112,0.22522171,0.033830184,0.0028044507,0.0256,0.012,0.0192,0.4024,0.0344,0.012,0.020800000000000003,0.3684445,0.031301916,0.33725303,0.003524287,0.016,0.5231817,0.0096,0.016800000000000002,0.3704,0.0288,0.012,0.02,0.4129175,0.036875296,0.376345
-0.08117377,0.0029505678,0.010400000000000001,0.008799999999999999,0.016,0.4096,0.024,0.010400000000000001,0.0184,0.33545816,0.027262539,0.31005096,0.033792153,0.0027265288,0.0256,0.0136,0.017599999999999998,0.41600000000000004,0.028,0.0144,0.0184,0.39244533,0.035881568,0.3604422,0.00332731,0.024,0.90203524,0.017599999999999998,0.012,0.42319999999999997,0.02,0.0184,0.0144,0.51589775,0.06664656,0.45322245
-0.08091392,0.0029126182,0.0152,0.010400000000000001,0.0144,0.37520000000000003,0.0224,0.012,0.016800000000000002,0.32330278,0.03448144,0.2894635,0.033692665,0.002710063,0.0272,0.0096,0.017599999999999998,0.4224,0.0328,0.0128,0.0192,0.39888024,0.030918749,0.37070358,0.0033456536,0.0232,0.690257,0.0144,0.0144,0.348,0.0232,0.016,0.016800000000000002,0.5032742,0.058490913,0.44739804
-0.08064943,0.0028700195,0.0152,0.0136,0.0112,0.4088,0.0184,0.0144,0.0136,0.29135662,0.041993205,0.24975091,0.033567663,0.0028350651,0.0264,0.0128,0.016,0.42,0.0296,0.0152,0.0192,0.38676855,0.037319753,0.34873584,0.0033233142,0.0152,0.5284262,0.012,0.016,0.4088,0.0304,0.0136,0.020800000000000003,0.44661498,0.040506773,0.4062997
-0.08018034,0.0028447248,0.010400000000000001,0.0096,0.0152,0.372,0.0224,0.010400000000000001,0.0184,0.23799242,0.027883641,0.20881301,0.0336166,0.0026701763,0.032,0.0184,0.0072,0.42,0.0232,0.020800000000000003,0.010400000000000001,0.32362807,0.054280166,0.2698257,0.0032864914,0.0224,0.89018536,0.0152,0.0136,0.41759999999999997,0.0232,0.0184,0.016,0.401281,0.061292164,0.33994856
-0.08002856,0.0026929416,0.0528,0.0144,0.010400000000000001,0.4528,0.02,0.0144,0.016,0.29124054,0.040712807,0.25274146,0.033457972,0.0027128495,0.061599999999999995,0.0112,0.0184,0.368,0.032,0.0136,0.020800000000000003,0.4079291,0.026958529,0.38647774,0.0033214116,0.061599999999999995,0.9558009,0.0152,0.012,0.4224,0.032,0.0184,0.0152,0.5012194,0.05978276,0.4474675
-0.07978136,0.00288954,0.0096,0.008799999999999999,0.016,0.38799999999999996,0.0224,0.010400000000000001,0.0184,0.27581593,0.023801528,0.25218394,0.03349253,0.0025623366,0.0248,0.0128,0.017599999999999998,0.41600000000000004,0.031200000000000002,0.0136,0.0184,0.35394603,0.033051074,0.32182696,0.003092035,0.024,0.9127503,0.0184,0.010400000000000001,0.4152,0.0848,0.02,0.0136,0.44871944,0.06264055,0.38601092
-0.079716794,0.0026030764,0.010400000000000001,0.008799999999999999,0.0144,0.312,0.0232,0.0096,0.0184,0.2806489,0.024853162,0.2562402,0.03344522,0.0026096478,0.0248,0.012,0.0152,0.4192,0.0288,0.0144,0.017599999999999998,0.31916273,0.03138697,0.2908701,0.0032309634,0.016800000000000002,0.633998,0.0128,0.016800000000000002,0.3184,0.0232,0.0136,0.017599999999999998,0.41517174,0.041629545,0.3755101
-0.07963048,0.0025167614,0.048,0.010400000000000001,0.0152,0.4424,0.024,0.0136,0.016800000000000002,0.3432829,0.03373319,0.31210637,0.03349137,0.0024475455,0.0608,0.0152,0.017599999999999998,0.456,0.032,0.0152,0.0192,0.34878957,0.033186883,0.31968525,0.0030341803,0.0544,0.8186534,0.0136,0.012,0.4496,0.028,0.0144,0.020800000000000003,0.48922804,0.047187436,0.4472174
-0.079692386,0.0024677217,0.016,0.0136,0.010400000000000001,0.4072,0.020800000000000003,0.016,0.016,0.2928538,0.03692817,0.25712842,0.033555374,0.0023835413,0.0288,0.016,0.0136,0.4264,0.0288,0.016800000000000002,0.017599999999999998,0.34832835,0.038266595,0.31122327,0.0030566733,0.016,0.6311954,0.0096,0.02,0.4072,0.032,0.012,0.020800000000000003,0.44197965,0.034405693,0.40910065
-0.07988743,0.0025518127,0.0136,0.010400000000000001,0.016,0.3736,0.0216,0.0128,0.016,0.3674591,0.029179413,0.3411643,0.033490676,0.0026801452,0.024,0.008799999999999999,0.020800000000000003,0.41600000000000004,0.0328,0.012,0.0224,0.36901987,0.023123372,0.3496557,0.0032772908,0.024,0.95756555,0.0136,0.0144,0.41600000000000004,0.0256,0.0152,0.0184,0.5132592,0.052560233,0.46728504
-0.08002368,0.002688069,0.0112,0.0064,0.016800000000000002,0.384,0.024,0.0072,0.0184,0.33618593,0.022211134,0.3151057,0.033486962,0.002567906,0.0264,0.0112,0.016800000000000002,0.4008,0.0264,0.0128,0.0192,0.40033185,0.029083256,0.37528592,0.0031362197,0.0264,0.9593005,0.017599999999999998,0.012,0.39280000000000004,0.0248,0.0192,0.016800000000000002,0.5207897,0.061044358,0.4653777
-0.07994823,0.0030564107,0.010400000000000001,0.008,0.016800000000000002,0.3968,0.0216,0.0096,0.017599999999999998,0.25019202,0.028083742,0.22312063,0.033482786,0.0026880354,0.0304,0.016800000000000002,0.010400000000000001,0.33280000000000004,0.0256,0.02,0.0128,0.37957832,0.048574872,0.3338927,0.003603003,0.017599999999999998,0.6653372,0.0112,0.0144,0.4016,0.0272,0.0144,0.016800000000000002,0.43115124,0.049536318,0.3832961
-0.080068275,0.0031764545,0.016800000000000002,0.0144,0.008799999999999999,0.324,0.02,0.016,0.0112,0.29240486,0.048953798,0.242589,0.03355677,0.0027300045,0.0232,0.008799999999999999,0.0192,0.3288,0.031200000000000002,0.0096,0.0216,0.36269963,0.021657236,0.34345138,0.0035434787,0.016800000000000002,0.45916557,0.0112,0.016,0.324,0.028,0.0128,0.02,0.42286688,0.0458579,0.37702885
-0.08013618,0.0031334125,0.008799999999999999,0.0064,0.0184,0.3904,0.0264,0.008799999999999999,0.020800000000000003,0.25202465,0.02181939,0.2314992,0.033526853,0.0028758757,0.028,0.0136,0.0152,0.4272,0.0288,0.016,0.017599999999999998,0.39603853,0.039548192,0.3570782,0.0036298148,0.0152,0.529139,0.0096,0.0192,0.348,0.028,0.0112,0.02,0.41747466,0.04063221,0.37775445
-0.08018544,0.003182672,0.0136,0.010400000000000001,0.0128,0.32080000000000003,0.024,0.0112,0.0184,0.29207975,0.03546611,0.25757477,0.033585526,0.0029331557,0.0304,0.0136,0.0128,0.36479999999999996,0.024,0.0152,0.016800000000000002,0.33278483,0.04165596,0.2916214,0.0035366074,0.0224,0.6849706,0.0144,0.0128,0.3336,0.0224,0.016800000000000002,0.016,0.43673396,0.06252303,0.37493742
-0.08022538,0.0031116605,0.008799999999999999,0.0072,0.017599999999999998,0.392,0.024,0.010400000000000001,0.02,0.28752297,0.024575751,0.26311433,0.033673182,0.0027295463,0.0264,0.0128,0.016,0.4168,0.0248,0.0152,0.0184,0.37894014,0.03835981,0.341951,0.0034682804,0.0152,0.5859307,0.0112,0.017599999999999998,0.2472,0.0288,0.0136,0.020800000000000003,0.44910794,0.044413414,0.4040659
-0.08034697,0.0034551509,0.016800000000000002,0.0128,0.012,0.3552,0.0192,0.0136,0.0136,0.32778963,0.05125607,0.27719715,0.033733483,0.0031330585,0.0272,0.0136,0.016,0.40480000000000005,0.0256,0.0144,0.020800000000000003,0.38090444,0.036951955,0.34519082,0.0039228355,0.016800000000000002,0.4932917,0.0112,0.017599999999999998,0.1656,0.028,0.012,0.0192,0.469079,0.048627455,0.4213336
-0.08052272,0.0036309026,0.0112,0.0096,0.0136,0.39280000000000004,0.024,0.012,0.0184,0.31648466,0.038517356,0.27920598,0.033803284,0.0032951646,0.0248,0.012,0.017599999999999998,0.41600000000000004,0.028,0.0128,0.0192,0.38409713,0.03686834,0.3494271,0.0041285465,0.016800000000000002,0.645429,0.0112,0.016800000000000002,0.12560000000000002,0.0256,0.0136,0.0192,0.48387146,0.05598665,0.43009698
-0.08083515,0.003943328,0.017599999999999998,0.012,0.0128,0.0576,0.02,0.0152,0.0136,0.3404423,0.056686174,0.28641045,0.03378566,0.003312789,0.0304,0.0136,0.0144,0.3632,0.0264,0.0144,0.017599999999999998,0.42502797,0.043790974,0.38571978,0.004245668,0.017599999999999998,0.37966594,0.010400000000000001,0.017599999999999998,0.0184,0.0256,0.0128,0.0192,0.47371858,0.053961884,0.42310467
-0.081026204,0.0035796426,0.0152,0.0112,0.0136,0.204,0.020800000000000003,0.0136,0.017599999999999998,0.27271077,0.04826435,0.22433722,0.033938482,0.0032759197,0.0304,0.0152,0.0144,0.4152,0.0272,0.016,0.017599999999999998,0.35667843,0.04610046,0.31180447,0.0039699287,0.024,0.7465957,0.016,0.0128,0.2952,0.024,0.017599999999999998,0.0152,0.44240707,0.076379105,0.36724687
-0.08140387,0.0039573014,0.008799999999999999,0.008,0.0184,0.38239999999999996,0.0248,0.0096,0.0192,0.30876166,0.03287928,0.27580994,0.03399043,0.0035718326,0.0264,0.012,0.016800000000000002,0.3712,0.0248,0.0144,0.0184,0.37035835,0.046327163,0.3250206,0.004451643,0.020800000000000003,0.809903,0.016,0.0128,0.06720000000000001,0.024,0.016800000000000002,0.017599999999999998,0.4811334,0.0774308,0.40504384
-0.0816362,0.0044115335,0.016,0.0152,0.010400000000000001,0.0736,0.017599999999999998,0.016,0.0136,0.33389807,0.071255505,0.26333487,0.034084823,0.003709348,0.024,0.0096,0.0184,0.26,0.0288,0.012,0.020800000000000003,0.40102136,0.03764998,0.3675108,0.0049305395,0.016,0.4629556,0.012,0.016,0.0736,0.0264,0.0136,0.017599999999999998,0.47784472,0.068042606,0.41134328
-0.08193532,0.0045997016,0.0504,0.010400000000000001,0.0144,0.0152,0.0232,0.0112,0.0184,0.32125187,0.06045073,0.2551266,0.03411566,0.0035625566,0.064,0.0112,0.017599999999999998,0.4632,0.0248,0.0128,0.020800000000000003,0.3502988,0.03732793,0.31412134,0.005080424,0.056799999999999996,0.6851138,0.0136,0.016,0.017599999999999998,0.0264,0.0152,0.0192,0.47041595,0.07882292,0.387921
-0.08212016,0.004784543,0.0128,0.012,0.012,0.016800000000000002,0.0216,0.0136,0.016,0.36335844,0.059355684,0.30499956,0.034108937,0.0038011894,0.0248,0.0112,0.016800000000000002,0.3368,0.0296,0.0128,0.0192,0.40856397,0.041655377,0.3691398,0.005158378,0.017599999999999998,0.6460331,0.0128,0.016,0.020800000000000003,0.0264,0.0136,0.0184,0.536099,0.075552925,0.46268404
-0.082219124,0.004883509,0.012,0.0112,0.0144,0.31039999999999995,0.0224,0.0136,0.0184,0.30610916,0.05605563,0.24963638,0.034149986,0.003992047,0.0264,0.0128,0.0152,0.21839999999999998,0.0264,0.0136,0.016,0.4233462,0.05265724,0.37418193,0.0054252776,0.0184,0.68021375,0.0128,0.0144,0.02,0.024,0.0152,0.017599999999999998,0.50424844,0.08202819,0.4248402
-0.08209686,0.0050940923,0.012,0.0112,0.0136,0.016,0.0232,0.012,0.0184,0.3278011,0.05710633,0.27210498,0.03420819,0.0042817034,0.028,0.012,0.0152,0.4144,0.0232,0.0152,0.016800000000000002,0.40242243,0.052922465,0.35256246,0.00566497,0.0184,0.53541553,0.0128,0.0152,0.0224,0.024,0.0152,0.017599999999999998,0.48724288,0.08792997,0.40164763
-0.08216609,0.0054961666,0.016,0.010400000000000001,0.0128,0.1568,0.0224,0.0128,0.016800000000000002,0.3536507,0.07220086,0.28064662,0.034131203,0.004242737,0.033600000000000005,0.0152,0.010400000000000001,0.0872,0.0216,0.017599999999999998,0.0144,0.32774067,0.06305309,0.26616943,0.0057176054,0.016,0.27921987,0.0096,0.016800000000000002,0.016800000000000002,0.0256,0.012,0.02,0.43028128,0.06735289,0.36208597
-0.08187895,0.0056528226,0.0128,0.008799999999999999,0.016800000000000002,0.0152,0.024,0.012,0.0184,0.34055468,0.06048908,0.27997684,0.034088526,0.0047492273,0.0304,0.012,0.0136,0.0184,0.024,0.0144,0.016,0.38885573,0.054313216,0.33586505,0.005948188,0.020800000000000003,0.57640254,0.0136,0.0144,0.020800000000000003,0.0232,0.016,0.016800000000000002,0.4974616,0.0998608,0.39866775
-0.08151127,0.006394621,0.0504,0.012,0.0144,0.0184,0.0216,0.0136,0.016800000000000002,0.3992979,0.09142879,0.31053913,0.034040757,0.0047969967,0.06720000000000001,0.0136,0.012,0.0192,0.0224,0.016800000000000002,0.016,0.4154048,0.05798608,0.3643853,0.0067400564,0.0528,0.32154292,0.0128,0.016,0.0184,0.024,0.0144,0.017599999999999998,0.5101142,0.10131325,0.41338727
-0.08125365,0.006580796,0.016,0.0128,0.012,0.0184,0.0192,0.0152,0.0152,0.30649412,0.09944088,0.20741712,0.033980463,0.004973244,0.031200000000000002,0.0136,0.0136,0.0192,0.0224,0.016,0.0144,0.3611362,0.059102584,0.30431902,0.006935744,0.016,0.32130742,0.0112,0.016800000000000002,0.0184,0.0232,0.0128,0.0184,0.4048582,0.09046287,0.31495303
-0.08090127,0.0068941116,0.0136,0.010400000000000001,0.0136,0.016800000000000002,0.0224,0.012,0.017599999999999998,0.3641836,0.08202924,0.28452262,0.033974197,0.004747603,0.0264,0.0096,0.016800000000000002,0.2296,0.0272,0.012,0.02,0.38902855,0.034108035,0.35702544,0.007183062,0.016800000000000002,0.37941447,0.0112,0.0152,0.0192,0.0232,0.0128,0.017599999999999998,0.4823706,0.09744849,0.38787556
-0.080812074,0.0068049133,0.0496,0.0096,0.0144,0.016,0.0224,0.012,0.016800000000000002,0.40346453,0.08373371,0.3251349,0.033912975,0.004692871,0.0664,0.0136,0.0144,0.0192,0.02,0.0144,0.016800000000000002,0.37093735,0.050112423,0.32641125,0.0070133726,0.053599999999999995,0.43469477,0.012,0.0152,0.0184,0.024,0.0136,0.0184,0.5221559,0.1001485,0.42917034
-0.08057975,0.0063506924,0.0144,0.012,0.0144,0.016800000000000002,0.020800000000000003,0.0128,0.016800000000000002,0.31221208,0.08424543,0.22611606,0.033985566,0.004852187,0.0296,0.0112,0.0144,0.0184,0.0232,0.0136,0.016800000000000002,0.31347722,0.044792935,0.26964685,0.0066443104,0.016800000000000002,0.2983967,0.0112,0.016,0.0184,0.0232,0.0144,0.0184,0.39057374,0.09493705,0.29344392
-0.08057043,0.0067851655,0.0144,0.010400000000000001,0.0144,0.016800000000000002,0.0224,0.0128,0.016800000000000002,0.39819595,0.08485429,0.31520653,0.033933844,0.004903909,0.0304,0.012,0.0144,0.0192,0.0216,0.0136,0.016,0.36062068,0.049059577,0.3148191,0.0069866814,0.0192,0.4331759,0.0128,0.0152,0.020800000000000003,0.0232,0.0152,0.017599999999999998,0.51278996,0.108578965,0.40667635
-0.08053293,0.0064148232,0.0136,0.0128,0.0144,0.0192,0.02,0.0144,0.016800000000000002,0.37750626,0.088304594,0.29196504,0.033953793,0.004652053,0.0288,0.0128,0.0128,0.1952,0.0216,0.0152,0.016,0.36861533,0.055230904,0.3160884,0.006714958,0.0136,0.30011156,0.0112,0.016800000000000002,0.017599999999999998,0.0248,0.0128,0.0192,0.46960562,0.08113684,0.39148706
-0.08066629,0.0061043836,0.0128,0.0112,0.016,0.016800000000000002,0.024,0.0128,0.017599999999999998,0.44035596,0.073816255,0.3693489,0.03387471,0.004615184,0.0288,0.012,0.0144,0.41759999999999997,0.0232,0.0144,0.0184,0.41262457,0.051932395,0.3625327,0.0067557655,0.020800000000000003,0.5773888,0.0152,0.0136,0.0224,0.0224,0.016800000000000002,0.016800000000000002,0.5941963,0.11733204,0.4816899
-0.080625236,0.0062852316,0.016800000000000002,0.012,0.0136,0.0184,0.0224,0.0136,0.016800000000000002,0.36696136,0.091160804,0.27831355,0.03392225,0.004683595,0.028,0.0096,0.0184,0.0152,0.0264,0.010400000000000001,0.0216,0.37986615,0.030811187,0.35412452,0.0064602206,0.017599999999999998,0.2986367,0.0112,0.017599999999999998,0.0192,0.0256,0.0128,0.0192,0.46248236,0.08998147,0.37612602
-0.080692686,0.0060198344,0.0152,0.0096,0.016,0.017599999999999998,0.0232,0.012,0.0192,0.43407696,0.071661696,0.3638466,0.03389535,0.0047104955,0.033600000000000005,0.0144,0.0136,0.42,0.024,0.016,0.0144,0.38241604,0.053478673,0.3330199,0.006374466,0.0192,0.38456586,0.0112,0.016800000000000002,0.02,0.0256,0.0128,0.0184,0.54583853,0.09012334,0.45810694
-0.08060527,0.00060689077,1.3792,1.772,0.0008,1.7792000000000001,0.0016,1.7792000000000001,0.0016,0.026797276,0.049407575,0.013061572,0.033954024,0.0005934499,-0.0896,0.3056,0.0008,0.3064,0.0008,0.3064,0.0008,-0.0067826584,0.0,-0.0071305186,0.00068456907,1.2928,-1.6567957,1.6576,0.0008,1.6927999999999999,0.0016,1.6632,0.0008,0.0044558835,0.0035723469,0.0041152965
-0.080497205,0.005047716,0.0144,0.010400000000000001,0.012,0.017599999999999998,0.020800000000000003,0.012,0.0152,0.309883,0.06289985,0.24819565,0.033872392,0.0038058255,0.0272,0.010400000000000001,0.017599999999999998,0.4096,0.0296,0.0144,0.0216,0.3843295,0.042780813,0.3411948,0.0053322827,0.0144,0.32817158,0.0096,0.016,0.017599999999999998,0.0264,0.012,0.0192,0.41721988,0.059311226,0.35916093
-0.080481224,0.0044769906,0.0112,0.008799999999999999,0.016800000000000002,0.0136,0.0248,0.010400000000000001,0.02,0.31664485,0.042152412,0.27437347,0.033838533,0.0037237313,0.0288,0.0128,0.016,0.4128,0.0264,0.0152,0.0184,0.3459499,0.049292322,0.29620588,0.004907633,0.02,0.6061962,0.0144,0.0152,0.0216,0.0248,0.0152,0.0192,0.45732886,0.08072433,0.3750951
-0.08041244,0.004519157,0.016800000000000002,0.0136,0.0136,0.1392,0.0224,0.016,0.016,0.39597827,0.066388495,0.33218294,0.033834357,0.0034959987,0.0296,0.0152,0.016,0.2336,0.024,0.016,0.020800000000000003,0.41726336,0.051663168,0.368447,0.0049611465,0.0232,0.7495416,0.0152,0.0152,0.0232,0.0248,0.016800000000000002,0.0184,0.57413954,0.08898048,0.48995045
-0.08039224,0.0040551648,0.0128,0.0112,0.016,0.017599999999999998,0.0216,0.0136,0.0184,0.34687626,0.049682662,0.2966166,0.033804905,0.0034094974,0.0256,0.010400000000000001,0.017599999999999998,0.35760000000000003,0.0304,0.0112,0.02,0.39366686,0.036980905,0.36166373,0.004485793,0.020800000000000003,0.7512032,0.0144,0.0136,0.33599999999999997,0.0272,0.016,0.0192,0.52220577,0.07693917,0.4482512
-0.0804597,0.0033459812,0.0152,0.0112,0.0144,0.016800000000000002,0.0216,0.0136,0.017599999999999998,0.2546792,0.043713864,0.21096551,0.033840157,0.003374245,0.0248,0.008,0.020800000000000003,0.2968,0.028,0.012,0.0248,0.39830172,0.028999988,0.3701251,0.0041104765,0.0248,0.9629659,0.0144,0.0136,0.0224,0.0272,0.016,0.016,0.4724057,0.06846898,0.40447932
-0.08066008,0.0033244677,0.0136,0.0096,0.0136,0.2032,0.0232,0.012,0.017599999999999998,0.31499267,0.03787661,0.27682638,0.03382184,0.003044702,0.0288,0.0136,0.016800000000000002,0.424,0.0304,0.016,0.0192,0.35394534,0.04328394,0.31324568,0.0036919417,0.0184,0.5728439,0.0128,0.0152,0.3216,0.0272,0.0144,0.02,0.45655507,0.053912755,0.40387058
-0.08085268,0.0030732714,0.010400000000000001,0.0072,0.0192,0.3496,0.0248,0.008,0.0216,0.27925602,0.024419744,0.25540206,0.033759452,0.0031070895,0.0296,0.0128,0.0144,0.4208,0.0264,0.016800000000000002,0.016800000000000002,0.41604403,0.045854095,0.37337318,0.0035889265,0.020800000000000003,0.6526252,0.0136,0.0144,0.3352,0.0304,0.0152,0.0184,0.47451952,0.060096554,0.41623282
-0.08111008,0.0032197237,0.0152,0.0112,0.0128,0.3952,0.020800000000000003,0.0152,0.016800000000000002,0.30721784,0.043866824,0.26527935,0.0337896,0.0029609874,0.0256,0.0096,0.016,0.3968,0.033600000000000005,0.0136,0.0216,0.39517128,0.034339882,0.3625884,0.0036695383,0.0184,0.66532725,0.012,0.017599999999999998,0.3272,0.0304,0.0136,0.0192,0.48563862,0.052302606,0.43552777
-0.0812035,0.0029802956,0.0072,0.0072,0.0192,0.332,0.0272,0.008799999999999999,0.02,0.28652203,0.020054802,0.26710606,0.03384503,0.0031374656,0.0256,0.0128,0.0112,0.42319999999999997,0.0824,0.0136,0.0184,0.38386226,0.042770065,0.3411914,0.0036216779,0.017599999999999998,0.6562749,0.0136,0.0144,0.3424,0.0264,0.017599999999999998,0.017599999999999998,0.4612242,0.055831686,0.40683666
-0.08134329,0.0031200908,0.0144,0.010400000000000001,0.0144,0.28719999999999996,0.0224,0.0128,0.016,0.24769029,0.036523752,0.21118827,0.033835288,0.0029153004,0.028,0.0128,0.016,0.404,0.0272,0.016,0.016800000000000002,0.35441202,0.038493052,0.3163793,0.0035520813,0.0192,0.7175108,0.0128,0.017599999999999998,0.29279999999999995,0.0304,0.0152,0.02,0.41965085,0.048543774,0.37117895
-0.081487745,0.0030426458,0.0152,0.0112,0.012,0.4144,0.0224,0.0128,0.0184,0.31885985,0.037062906,0.2809155,0.03388747,0.0028631203,0.0296,0.0136,0.0128,0.4024,0.028,0.016,0.016800000000000002,0.36188963,0.037754856,0.32385692,0.0033319178,0.0248,0.91031885,0.016,0.0136,0.3976,0.0248,0.017599999999999998,0.017599999999999998,0.4814026,0.058976766,0.4227962
-0.0814964,0.0030513033,0.0096,0.0096,0.0128,0.37520000000000003,0.0232,0.012,0.0192,0.28496948,0.026297428,0.2603389,0.033826478,0.002692204,0.0256,0.0152,0.0128,0.41759999999999997,0.0264,0.0192,0.017599999999999998,0.39221016,0.048465677,0.34617665,0.003674437,0.016,0.6919169,0.012,0.0152,0.3736,0.036,0.0136,0.020800000000000003,0.4696692,0.049969,0.4226507
-0.081464455,0.002908405,0.010400000000000001,0.0064,0.016,0.39280000000000004,0.0264,0.010400000000000001,0.017599999999999998,0.35343114,0.021610811,0.33279473,0.033843637,0.002559092,0.0256,0.010400000000000001,0.0184,0.41600000000000004,0.031200000000000002,0.0144,0.0232,0.40044585,0.028204523,0.37284896,0.0032795724,0.016,0.480369,0.0096,0.0192,0.39840000000000003,0.028,0.0112,0.02,0.49848,0.03756861,0.46341056
-0.081219256,0.00266321,0.0136,0.012,0.0152,0.3488,0.024,0.0128,0.017599999999999998,0.34505135,0.032404527,0.31409675,0.03375876,0.0027599223,0.0248,0.008,0.016,0.42160000000000003,0.031200000000000002,0.0128,0.02,0.37934127,0.02560969,0.35812175,0.0033430995,0.0248,0.9711902,0.0152,0.0144,0.3976,0.0272,0.016800000000000002,0.016,0.5078867,0.05827789,0.45443052
-0.080826946,0.0027146935,0.0136,0.0112,0.0128,0.2576,0.0192,0.0144,0.0144,0.26439607,0.033723537,0.23044583,0.03369336,0.0025934167,0.0304,0.016800000000000002,0.0096,0.4256,0.0192,0.02,0.0112,0.36357594,0.048805833,0.31731057,0.0032003296,0.0192,0.8299473,0.0128,0.0144,0.3248,0.0264,0.0144,0.017599999999999998,0.44672596,0.04657243,0.4008049
-0.08065741,0.0026561022,0.012,0.010400000000000001,0.0152,0.404,0.0264,0.0112,0.017599999999999998,0.29334268,0.027526248,0.26527274,0.03364605,0.0025247708,0.0264,0.0112,0.0128,0.4248,0.08399999999999999,0.0144,0.016800000000000002,0.3684441,0.032645803,0.33991957,0.00302355,0.020800000000000003,0.7499948,0.0152,0.016,0.4192,0.0256,0.016,0.0184,0.46578097,0.050946657,0.4149267
-0.08033788,0.002447527,0.008799999999999999,0.0096,0.016,0.38799999999999996,0.0248,0.0096,0.016,0.2450877,0.019489236,0.22456223,0.03354355,0.002279412,0.024,0.0136,0.016,0.4224,0.0264,0.016800000000000002,0.0224,0.36797845,0.03579946,0.3330765,0.002872251,0.016800000000000002,0.6842821,0.0128,0.016800000000000002,0.3992,0.033600000000000005,0.016,0.017599999999999998,0.4225173,0.043975547,0.3781154
-0.07998463,0.0023161657,0.010400000000000001,0.0072,0.017599999999999998,0.36,0.0248,0.0096,0.0192,0.28059822,0.018904392,0.26240265,0.033489745,0.0023332164,0.0216,0.0096,0.0224,0.4168,0.0296,0.0096,0.0248,0.35800895,0.018354785,0.33934048,0.0030622648,0.0216,0.8662803,0.0136,0.016,0.39999999999999997,0.0296,0.0152,0.016,0.4545097,0.045074377,0.41046485
-0.0798963,0.0023387894,0.016,0.0152,0.008799999999999999,0.38799999999999996,0.020800000000000003,0.016,0.012,0.29345363,0.03579189,0.2583939,0.033375647,0.0024473146,0.0304,0.016800000000000002,0.0112,0.41759999999999997,0.024,0.02,0.016,0.40821677,0.04313799,0.3719234,0.0028539894,0.016,0.610292,0.010400000000000001,0.016800000000000002,0.39840000000000003,0.0288,0.012,0.020800000000000003,0.4744314,0.034655057,0.44264376
-0.079750076,0.0024144612,0.0152,0.0112,0.012,0.3992,0.02,0.0128,0.0128,0.23027469,0.030785777,0.19943102,0.03347189,0.002119165,0.0264,0.012,0.0184,0.4168,0.0296,0.016,0.0216,0.3204961,0.027957309,0.2912759,0.0027333868,0.0224,0.82252765,0.0152,0.0136,0.4008,0.035199999999999995,0.016800000000000002,0.016800000000000002,0.39155352,0.046387833,0.34420475
-0.07964823,0.002423562,0.0152,0.0136,0.008,0.4128,0.017599999999999998,0.017599999999999998,0.010400000000000001,0.29312858,0.03484184,0.25940025,0.03344684,0.0022601672,0.0184,0.0064,0.0224,0.4072,0.041600000000000005,0.008799999999999999,0.0264,0.38183913,0.015806379,0.37233096,0.0031552606,0.0184,0.7985099,0.0128,0.0136,0.3728,0.0272,0.0152,0.017599999999999998,0.47805566,0.041546952,0.4420586
-0.07966354,0.0022169724,0.008,0.0064,0.016800000000000002,0.40480000000000005,0.0264,0.008,0.0192,0.24181494,0.014736194,0.22472885,0.033428755,0.0025101602,0.0232,0.0072,0.0152,0.41600000000000004,0.036,0.012,0.0232,0.37093645,0.023978263,0.34855747,0.0030106343,0.0232,0.98589134,0.0152,0.0112,0.41600000000000004,0.0272,0.016,0.0152,0.44278458,0.049424835,0.39159834
-0.07964157,0.0029716492,0.010400000000000001,0.008,0.0144,0.3112,0.024,0.010400000000000001,0.0192,0.25663093,0.025650464,0.23111281,0.03354981,0.0027369633,0.028,0.0112,0.0152,0.4096,0.0272,0.0144,0.016,0.33881527,0.038048923,0.29962304,0.003170351,0.0232,0.8534865,0.016,0.0128,0.3808,0.0216,0.0184,0.017599999999999998,0.42402226,0.061363548,0.36200142
-0.07994047,0.0031595975,0.0136,0.010400000000000001,0.0136,0.38,0.0216,0.0112,0.017599999999999998,0.28719702,0.0376256,0.24847601,0.033519432,0.0026513897,0.032,0.017599999999999998,0.010400000000000001,0.4272,0.0248,0.0192,0.0144,0.32449496,0.048078876,0.27904123,0.0034373188,0.02,0.6052309,0.0144,0.0152,0.3664,0.0256,0.016,0.016800000000000002,0.4208045,0.056945734,0.3634213
-0.08000481,0.0031129904,0.0112,0.0096,0.016,0.228,0.0224,0.0112,0.017599999999999998,0.30760288,0.030933741,0.27709204,0.033567663,0.0026031584,0.0232,0.010400000000000001,0.0192,0.3888,0.0304,0.0128,0.0216,0.34444556,0.025051853,0.31789225,0.0034959526,0.0144,0.53803,0.0096,0.0184,0.3864,0.0304,0.012,0.0216,0.44065422,0.038474105,0.40235823
-0.08002611,0.0030233413,0.008799999999999999,0.008,0.0184,0.3912,0.0256,0.0096,0.02,0.3169215,0.02426995,0.294288,0.03357091,0.00294777,0.0264,0.0136,0.0136,0.40480000000000005,0.0264,0.0144,0.0184,0.3861866,0.0390678,0.34803793,0.003681545,0.016800000000000002,0.6582245,0.012,0.017599999999999998,0.2016,0.0264,0.0152,0.0192,0.4869456,0.048086166,0.4401003
-0.08009358,0.0033127032,0.0152,0.0128,0.012,0.368,0.0192,0.0152,0.0136,0.3383449,0.04652102,0.29429835,0.033610567,0.003140021,0.0264,0.0112,0.0128,0.39280000000000004,0.028,0.0144,0.0184,0.36896795,0.036019865,0.33522552,0.0037347218,0.017599999999999998,0.59600145,0.012,0.016800000000000002,0.3216,0.0256,0.0136,0.0192,0.48712543,0.052265067,0.43820876
-0.08009047,0.0036424436,0.0152,0.0096,0.0152,0.3992,0.0224,0.010400000000000001,0.016800000000000002,0.2819827,0.03947225,0.24215215,0.033660196,0.0030903928,0.0304,0.0128,0.0136,0.4224,0.028,0.0144,0.017599999999999998,0.36247423,0.039282337,0.3252532,0.0037489543,0.0152,0.23894073,0.008799999999999999,0.0184,0.33280000000000004,0.028,0.0096,0.0216,0.3597594,0.038032155,0.321527
-0.08015149,0.0038144141,0.0128,0.012,0.0136,0.016,0.0216,0.012,0.016,0.28614148,0.048271522,0.23843367,0.033666924,0.0031996183,0.024,0.008799999999999999,0.017599999999999998,0.3912,0.0304,0.0128,0.0216,0.34328067,0.0314025,0.3130169,0.004500426,0.0184,0.6862804,0.0128,0.0152,0.0216,0.0272,0.0144,0.02,0.43888608,0.06449944,0.37554055
-0.08029283,0.0038448013,0.0144,0.010400000000000001,0.016,0.3088,0.0216,0.012,0.0184,0.3231292,0.046461996,0.2794155,0.033702638,0.0032798573,0.0328,0.016,0.0128,0.4264,0.0248,0.016800000000000002,0.0144,0.34119266,0.05608965,0.28785414,0.004164339,0.024,0.78111637,0.016800000000000002,0.0136,0.3448,0.0256,0.017599999999999998,0.016800000000000002,0.46968746,0.07828365,0.39493906
-0.08036206,0.003914032,0.017599999999999998,0.0144,0.0096,0.384,0.0184,0.016800000000000002,0.0136,0.3038229,0.06336427,0.24191366,0.033765018,0.0033334307,0.0288,0.0144,0.016,0.40480000000000005,0.0264,0.016,0.0192,0.38264966,0.046489045,0.33870333,0.0043799737,0.02,0.6135175,0.0128,0.016,0.020800000000000003,0.0256,0.0152,0.0192,0.46872342,0.06880804,0.40272015
-0.08060749,0.0043813586,0.0136,0.0128,0.0128,0.0432,0.0216,0.0144,0.016,0.3655246,0.058395572,0.30705473,0.033827633,0.0037346315,0.0288,0.0152,0.0144,0.3992,0.0248,0.016800000000000002,0.017599999999999998,0.39876735,0.055830255,0.34380546,0.0047674268,0.0136,0.40520996,0.010400000000000001,0.0184,0.016800000000000002,0.0264,0.0128,0.0216,0.49312302,0.054468267,0.43906814
-0.08088685,0.0045497715,0.0128,0.010400000000000001,0.0136,0.016800000000000002,0.0232,0.012,0.017599999999999998,0.32318687,0.053713173,0.26959875,0.03389999,0.0036622752,0.0248,0.0112,0.0184,0.36479999999999996,0.0296,0.0112,0.02,0.3985337,0.033522613,0.3682699,0.0050459974,0.0184,0.6571735,0.012,0.016,0.0184,0.0264,0.0144,0.0192,0.499331,0.07235019,0.4288126
-0.08113094,0.0046829097,0.0144,0.010400000000000001,0.0144,0.0184,0.0224,0.0128,0.0192,0.3939744,0.05899613,0.3358374,0.034032177,0.0036460403,0.0328,0.016,0.012,0.1008,0.020800000000000003,0.0184,0.0128,0.3874005,0.059275836,0.33185887,0.005142351,0.020800000000000003,0.6388569,0.0128,0.016,0.0896,0.0248,0.016,0.0184,0.54727244,0.08220152,0.46851635
-0.08150373,0.0048338026,0.0144,0.0096,0.0144,0.016,0.0224,0.012,0.0184,0.29767486,0.055388138,0.24186775,0.033993445,0.003916681,0.0264,0.008,0.0184,0.3864,0.032,0.010400000000000001,0.0232,0.37598342,0.030110184,0.34641528,0.005314655,0.02,0.5200961,0.0128,0.0144,0.0184,0.0248,0.0136,0.0184,0.44516373,0.07798527,0.36691448
-0.081760235,0.0048684143,0.0072,0.0072,0.0192,0.23920000000000002,0.0272,0.008799999999999999,0.0224,0.31741852,0.032055203,0.28524348,0.034114968,0.0037951581,0.0248,0.012,0.016800000000000002,0.3744,0.0256,0.0136,0.02,0.35232446,0.0447151,0.30768242,0.005402199,0.017599999999999998,0.61105955,0.0136,0.0152,0.02,0.0248,0.0152,0.017599999999999998,0.46211976,0.08409694,0.3775629
-0.0820314,0.0005906932,1.412,1.792,0.0016,1.8104,0.0016,1.8104,0.0016,0.002665177,0.022510324,0.000903558,0.03416436,0.00049906597,-0.3408,0.0424,0.0016,0.0432,0.0016,0.0424,0.0016,-0.024231017,0.0,-0.017041907,0.00077624427,0.0752,-2.1239905,0.4168,0.0008,0.4752,0.0016,0.4496,0.0008,0.01921667,0.0013558113,0.015046156
-0.08205803,0.0057209507,0.0112,0.0096,0.0152,0.016,0.0232,0.012,0.0184,0.2886911,0.063118175,0.22611623,0.03416784,0.0044380054,0.024,0.008,0.0184,0.3136,0.0288,0.012,0.020800000000000003,0.3857212,0.0392178,0.34734064,0.00627459,0.0184,0.5716007,0.0136,0.0144,0.0224,0.0216,0.016,0.016,0.45146677,0.1011307,0.35088485
-0.08214346,0.006361127,0.0128,0.0096,0.0152,0.0152,0.0216,0.012,0.017599999999999998,0.34733427,0.07226574,0.27510682,0.034169465,0.0049001947,0.0304,0.0136,0.0136,0.0192,0.0216,0.0152,0.0152,0.38600996,0.057962812,0.3290769,0.0067530205,0.016800000000000002,0.42965677,0.0112,0.0152,0.0184,0.0264,0.0136,0.017599999999999998,0.47656047,0.09096067,0.38590914
-0.08201165,0.0065621547,0.012,0.010400000000000001,0.016,0.0152,0.0232,0.0112,0.0184,0.39281207,0.07058428,0.32269266,0.03421167,0.004857991,0.0288,0.0112,0.0152,0.017599999999999998,0.0256,0.0128,0.017599999999999998,0.386014,0.047918584,0.33940074,0.006955874,0.016,0.33806682,0.0112,0.0152,0.017599999999999998,0.0224,0.0144,0.017599999999999998,0.49860492,0.09330291,0.40575203
-0.08183258,0.0068268813,0.010400000000000001,0.008799999999999999,0.016,0.0152,0.0224,0.010400000000000001,0.017599999999999998,0.3056664,0.06766927,0.23776594,0.03407299,0.0046488084,0.0232,0.008799999999999999,0.017599999999999998,0.108,0.0264,0.0112,0.02,0.36618277,0.032080628,0.3337158,0.007071394,0.0136,0.3184152,0.010400000000000001,0.0152,0.0184,0.0224,0.012,0.017599999999999998,0.40493923,0.087194994,0.31727177
-0.08158716,0.0066924095,0.0136,0.0112,0.0128,0.016800000000000002,0.0216,0.0128,0.016,0.361801,0.08547911,0.27748016,0.034052815,0.005132798,0.028,0.012,0.0144,0.19119999999999998,0.02,0.0128,0.016,0.3840979,0.04722904,0.33957177,0.007051235,0.016,0.44663057,0.010400000000000001,0.016,0.016800000000000002,0.024,0.012,0.0192,0.49221408,0.08995981,0.40431243
-0.08127362,0.006489821,0.0136,0.010400000000000001,0.016,0.0152,0.0224,0.012,0.017599999999999998,0.3705167,0.07826289,0.29240897,0.03406371,0.0047740415,0.032,0.0136,0.0128,0.15839999999999999,0.0192,0.016,0.0144,0.32513952,0.05575987,0.27040952,0.006860013,0.016800000000000002,0.33001906,0.0112,0.0152,0.0184,0.0232,0.0128,0.0184,0.45588726,0.09267745,0.3638125
-0.08106703,0.0066160783,0.0128,0.0096,0.016,0.016,0.0232,0.0112,0.017599999999999998,0.3127634,0.07379316,0.24153447,0.03394753,0.004890222,0.0288,0.012,0.016800000000000002,0.256,0.024,0.0128,0.017599999999999998,0.35475975,0.04420885,0.30942202,0.0072313985,0.017599999999999998,0.41551143,0.012,0.0152,0.0192,0.024,0.0136,0.0184,0.42935196,0.09913571,0.3335482
-0.08072488,0.006717719,0.0152,0.012,0.012,0.0192,0.0192,0.0152,0.0152,0.31488645,0.094574004,0.21902697,0.03397745,0.0048603043,0.0256,0.008799999999999999,0.0184,0.28640000000000004,0.0256,0.0096,0.02,0.3668746,0.029024452,0.34020537,0.0069367946,0.0152,0.25198954,0.0112,0.0152,0.017599999999999998,0.0232,0.0128,0.0184,0.39641502,0.0884765,0.30670536
-0.080645874,0.006527763,0.016,0.0128,0.0128,0.0192,0.020800000000000003,0.0144,0.0152,0.35958534,0.09605033,0.2632821,0.033973273,0.0048644803,0.0288,0.012,0.0152,0.016,0.024,0.0128,0.017599999999999998,0.3802114,0.042934284,0.34020752,0.0068172896,0.016,0.29248428,0.010400000000000001,0.016,0.0184,0.0248,0.0136,0.0184,0.45394102,0.08839511,0.36577314
-0.08054424,0.0062042363,0.0136,0.0112,0.0152,0.016800000000000002,0.0232,0.0128,0.0184,0.39175466,0.076958224,0.31386885,0.03395449,0.0046513565,0.0328,0.0144,0.010400000000000001,0.424,0.02,0.017599999999999998,0.0144,0.38850015,0.06930229,0.32263863,0.006547389,0.02,0.5625146,0.0136,0.0144,0.020800000000000003,0.024,0.016,0.017599999999999998,0.53858477,0.107050814,0.432111
-0.080587514,0.006136559,0.052000000000000005,0.012,0.0144,0.0184,0.020800000000000003,0.0136,0.016800000000000002,0.4138928,0.08999582,0.32935008,0.033915296,0.0048065037,0.0648,0.0096,0.016,0.016,0.0264,0.0112,0.0184,0.41291025,0.039611064,0.38113907,0.006437774,0.0584,0.6466524,0.0144,0.0128,0.0224,0.0232,0.016,0.0184,0.57911587,0.112583615,0.47656292
-0.080595724,0.005811926,0.016,0.012,0.0152,0.0184,0.0232,0.0136,0.017599999999999998,0.41317213,0.08084592,0.33561915,0.03389906,0.0044748783,0.031200000000000002,0.012,0.0144,0.0192,0.0256,0.0136,0.017599999999999998,0.40270802,0.04987021,0.3535438,0.0063750176,0.0192,0.42346266,0.0128,0.016,0.020800000000000003,0.0248,0.0144,0.0184,0.54215795,0.093164526,0.45262468
-0.08055223,0.0054355823,0.0152,0.0144,0.0144,0.02,0.02,0.0144,0.0152,0.31297967,0.07942213,0.23276392,0.033910427,0.0044635125,0.0296,0.012,0.0152,0.32239999999999996,0.0232,0.0152,0.017599999999999998,0.4178369,0.06021201,0.3609038,0.0058433022,0.0152,0.37577254,0.0112,0.016800000000000002,0.0184,0.0256,0.0128,0.02,0.44448382,0.073811695,0.37054604
-0.080557786,0.004664503,0.0152,0.0128,0.0128,0.0192,0.0224,0.0144,0.0152,0.30783418,0.06599203,0.24159795,0.03395588,0.0038382933,0.0296,0.0136,0.0136,0.32239999999999996,0.020800000000000003,0.016,0.016,0.3910535,0.052732594,0.34386045,0.0050360775,0.0192,0.6162294,0.0136,0.0152,0.0224,0.0248,0.0152,0.0184,0.4772264,0.07751561,0.4017521
-0.08049898,0.0043837987,0.0112,0.008799999999999999,0.017599999999999998,0.41040000000000004,0.0256,0.0096,0.0192,0.2891333,0.041846227,0.24797142,0.033887926,0.003442429,0.0288,0.0136,0.0152,0.3456,0.0256,0.0152,0.02,0.3918126,0.04902155,0.34496742,0.0047466746,0.0232,0.7428271,0.016800000000000002,0.0136,0.3672,0.0256,0.0184,0.016,0.47797525,0.09100826,0.3876469
-0.08051673,0.004068706,0.0136,0.012,0.0152,0.0192,0.0224,0.0136,0.016800000000000002,0.3641383,0.05418996,0.31165966,0.033856392,0.0034739636,0.031200000000000002,0.016,0.010400000000000001,0.3072,0.0232,0.0192,0.0128,0.40873584,0.06173822,0.3520347,0.0044650715,0.0232,0.8126225,0.017599999999999998,0.0136,0.29919999999999997,0.0264,0.0184,0.016800000000000002,0.5471605,0.08859743,0.4635092
-0.08049786,0.004049834,0.0152,0.0112,0.0144,0.1312,0.024,0.0136,0.016,0.3276778,0.0546462,0.27464446,0.033826936,0.0036193747,0.032,0.016,0.0128,0.3352,0.0248,0.017599999999999998,0.0152,0.3786506,0.05653438,0.3224132,0.0046423343,0.02,0.68127084,0.0128,0.016,0.0552,0.0256,0.0144,0.020800000000000003,0.49299812,0.06761645,0.42764992
-0.0803765,0.0034846775,0.052000000000000005,0.012,0.0144,0.44639999999999996,0.0224,0.0128,0.016,0.3358515,0.045990862,0.29014078,0.033849202,0.0030173399,0.0696,0.017599999999999998,0.0128,0.4688,0.0272,0.0216,0.0136,0.35847092,0.055183914,0.3077993,0.0038972727,0.056799999999999996,0.6757159,0.0128,0.016,0.4512,0.0264,0.016800000000000002,0.02,0.4862591,0.059135962,0.42891395
-0.0804222,0.0031975321,0.0488,0.008,0.016800000000000002,0.41600000000000004,0.0248,0.012,0.020800000000000003,0.33339942,0.034618102,0.30632803,0.03376572,0.0029848702,0.0648,0.0128,0.012,0.3632,0.0288,0.016,0.0192,0.4114583,0.04221871,0.3791073,0.0036463153,0.053599999999999995,0.56143045,0.0128,0.016,0.3888,0.0272,0.0128,0.02,0.5012802,0.04924422,0.46300203
-0.08044684,0.003000278,0.0152,0.010400000000000001,0.0144,0.3432,0.020800000000000003,0.0128,0.0184,0.30472994,0.038033076,0.26822788,0.033744615,0.0027740672,0.0224,0.0072,0.0224,0.41759999999999997,0.0376,0.010400000000000001,0.028,0.36409163,0.019117417,0.34588698,0.0037728895,0.0216,0.69849175,0.0128,0.0144,0.256,0.0264,0.0152,0.017599999999999998,0.4675001,0.05722134,0.41205162
-0.080541804,0.00331714,0.016800000000000002,0.0144,0.0112,0.3144,0.0192,0.0144,0.0136,0.32114175,0.04680452,0.2755419,0.033748552,0.002886083,0.024,0.0096,0.0184,0.408,0.096,0.012,0.024,0.41587082,0.030229142,0.3860708,0.003852138,0.016800000000000002,0.53333443,0.010400000000000001,0.016800000000000002,0.017599999999999998,0.0328,0.0128,0.0192,0.48797232,0.045473643,0.44369465
-0.08066696,0.0028875507,0.010400000000000001,0.0064,0.02,0.3976,0.028,0.0064,0.0224,0.32114783,0.019342612,0.30228657,0.03376757,0.0028670654,0.028,0.010400000000000001,0.016,0.4192,0.0344,0.0136,0.0184,0.404158,0.03274646,0.3734303,0.0036128503,0.02,0.6447593,0.0112,0.016,0.316,0.0264,0.0128,0.020800000000000003,0.49957702,0.048194796,0.45309106
-0.080924354,0.0028121024,0.010400000000000001,0.008,0.016800000000000002,0.4016,0.0224,0.0112,0.0184,0.28896636,0.026571944,0.2626716,0.033797484,0.002721198,0.031200000000000002,0.016,0.010400000000000001,0.31520000000000004,0.0264,0.020800000000000003,0.0152,0.35517,0.051280767,0.30554196,0.003520228,0.0184,0.6961402,0.0128,0.0144,0.296,0.0248,0.0144,0.017599999999999998,0.44948715,0.050467234,0.40009373
-0.08104951,0.0029372536,0.0136,0.0128,0.012,0.4024,0.0216,0.0136,0.0128,0.30849952,0.03806186,0.27166462,0.03384178,0.0027928539,0.028,0.0152,0.0144,0.35919999999999996,0.0248,0.016800000000000002,0.017599999999999998,0.38316873,0.046034675,0.3392224,0.0033437882,0.016800000000000002,0.6779182,0.012,0.0184,0.0656,0.0288,0.0144,0.0192,0.48059714,0.046468098,0.43623465
-0.08125919,0.0028140917,0.012,0.008799999999999999,0.0144,0.41119999999999995,0.0232,0.010400000000000001,0.0192,0.31286833,0.028564725,0.28535306,0.033877496,0.0026411861,0.0272,0.0136,0.016,0.4264,0.036,0.016,0.0192,0.36867368,0.03437461,0.3366705,0.003200512,0.016800000000000002,0.56498307,0.010400000000000001,0.0184,0.41600000000000004,0.0248,0.0136,0.0216,0.46163625,0.041319326,0.42230043
-0.081373475,0.0025955327,0.0152,0.012,0.010400000000000001,0.3624,0.020800000000000003,0.0136,0.0136,0.31947932,0.036999814,0.28408676,0.033898827,0.0025039017,0.0248,0.012,0.017599999999999998,0.412,0.031200000000000002,0.0144,0.0192,0.3298348,0.030080065,0.30200595,0.0032143835,0.020800000000000003,0.8373842,0.0136,0.0152,0.35359999999999997,0.0296,0.0152,0.016800000000000002,0.4588946,0.049378723,0.4119667
-0.08149507,0.0027171224,0.0144,0.010400000000000001,0.0136,0.3568,0.0216,0.0136,0.0152,0.28041783,0.031600274,0.24946323,0.033825316,0.0028093196,0.0288,0.0152,0.0144,0.4208,0.028,0.016800000000000002,0.016,0.35249954,0.039912116,0.3150466,0.0031201595,0.0144,0.51391214,0.008,0.0216,0.3568,0.0304,0.0096,0.0216,0.41748017,0.029462384,0.38927
-0.08147333,0.0024734885,0.0144,0.0112,0.012,0.3832,0.0192,0.0136,0.0128,0.3032797,0.031874638,0.2721032,0.033761773,0.0025250018,0.0264,0.012,0.017599999999999998,0.41759999999999997,0.0296,0.0128,0.017599999999999998,0.3988807,0.034044866,0.3665297,0.0031369778,0.0192,0.81976956,0.0128,0.0152,0.41040000000000004,0.032,0.0144,0.0216,0.4985322,0.041239124,0.45956966
-0.08131134,0.0022005476,0.008799999999999999,0.0072,0.0152,0.404,0.0224,0.010400000000000001,0.016,0.26965502,0.018658604,0.25068283,0.033795398,0.0022594705,0.017599999999999998,0.0064,0.0192,0.4096,0.033600000000000005,0.0096,0.0272,0.35418317,0.01851689,0.33284774,0.002795331,0.017599999999999998,0.94126165,0.0128,0.016,0.4024,0.033600000000000005,0.0152,0.0192,0.44505122,0.038898125,0.4037016
-0.081045285,0.0023782887,0.0096,0.0072,0.0144,0.404,0.0232,0.008799999999999999,0.02,0.28702042,0.018110313,0.26860297,0.033740897,0.0023139715,0.024,0.0112,0.0184,0.41040000000000004,0.0296,0.0128,0.02,0.37094206,0.026864253,0.34554827,0.0027856017,0.0128,0.6198759,0.0072,0.02,0.3992,0.0344,0.0096,0.020800000000000003,0.44911337,0.024228154,0.42530715
-0.08078434,0.002339244,0.012,0.010400000000000001,0.012,0.39840000000000003,0.0216,0.0128,0.016800000000000002,0.27527124,0.0248814,0.25197208,0.033707507,0.0023473613,0.0304,0.0184,0.0112,0.42800000000000005,0.0232,0.02,0.0136,0.35110804,0.044441722,0.30808935,0.0027363675,0.012,0.5454923,0.008,0.020800000000000003,0.408,0.0296,0.010400000000000001,0.0224,0.4174902,0.023776732,0.39486516
-0.08053071,0.0021965578,0.012,0.010400000000000001,0.0112,0.3696,0.020800000000000003,0.012,0.016800000000000002,0.3030583,0.024738207,0.2788715,0.033611264,0.0022116974,0.0272,0.0152,0.0136,0.4064,0.024,0.016,0.016,0.3513999,0.036005467,0.31788933,0.0026482013,0.016,0.6639608,0.0112,0.016,0.3624,0.0272,0.0136,0.0192,0.4552229,0.0336128,0.42229998
-0.080239356,0.0025708973,0.0496,0.010400000000000001,0.0136,0.37520000000000003,0.017599999999999998,0.0136,0.0136,0.37622353,0.03602084,0.34837544,0.03359387,0.0022290908,0.062400000000000004,0.0128,0.0136,0.4592,0.031200000000000002,0.0184,0.0152,0.35354546,0.03391334,0.32641238,0.0029357425,0.0496,0.503865,0.0096,0.016,0.4296,0.0272,0.0112,0.017599999999999998,0.5001643,0.034617208,0.47611296
-0.080017455,0.0024599433,0.010400000000000001,0.0056,0.0184,0.39840000000000003,0.028,0.0072,0.02,0.30421343,0.015891742,0.28990108,0.033507142,0.0023158193,0.0272,0.0112,0.0144,0.40559999999999996,0.0288,0.0144,0.0224,0.36617854,0.02493548,0.34553885,0.002824606,0.016,0.51377,0.008799999999999999,0.02,0.404,0.028,0.0112,0.0224,0.44490242,0.029258154,0.4181076
-0.07981043,0.0024748184,0.0136,0.012,0.0112,0.3952,0.0192,0.0136,0.0144,0.32902032,0.030200418,0.30139416,0.03350273,0.0020883232,0.0224,0.010400000000000001,0.020800000000000003,0.4096,0.0992,0.0112,0.0216,0.33713788,0.021020098,0.31858534,0.0029603646,0.0136,0.5808722,0.008,0.017599999999999998,0.3952,0.0304,0.0112,0.0192,0.46006134,0.027484957,0.43537557
-0.07971501,0.0027122423,0.0448,0.0064,0.0184,0.4416,0.0264,0.0072,0.0216,0.34510303,0.024405893,0.32380098,0.033456814,0.0025980547,0.0608,0.010400000000000001,0.0184,0.444,0.0264,0.012,0.020800000000000003,0.37447533,0.022826334,0.35951737,0.0032924498,0.056,0.6598583,0.0144,0.0144,0.4528,0.0272,0.0152,0.016800000000000002,0.50221395,0.053535305,0.45664102
-0.0796389,0.0028580278,0.0072,0.008799999999999999,0.016,0.3288,0.0256,0.012,0.02,0.2977779,0.021839041,0.27503344,0.033540536,0.0027462393,0.0184,0.0072,0.02,0.4152,0.0376,0.0096,0.0256,0.36687565,0.023855304,0.3453083,0.003803267,0.017599999999999998,0.7636825,0.0136,0.010400000000000001,0.3128,0.024,0.016,0.0152,0.46880928,0.05568675,0.41446725
-0.07982597,0.0031560436,0.010400000000000001,0.008,0.017599999999999998,0.348,0.024,0.010400000000000001,0.02,0.31149256,0.028269496,0.2849759,0.033505052,0.002897676,0.024,0.008799999999999999,0.017599999999999998,0.4224,0.024,0.0128,0.0192,0.3498905,0.027562134,0.3233372,0.0036126683,0.024,0.93078244,0.016,0.010400000000000001,0.35359999999999997,0.020800000000000003,0.0192,0.0128,0.46666822,0.066194825,0.40316305
-0.07980999,0.003029123,0.0144,0.0128,0.0112,0.3952,0.020800000000000003,0.0136,0.016800000000000002,0.26356602,0.040544674,0.22406837,0.03360477,0.0031458177,0.0272,0.0128,0.0128,0.3856,0.0272,0.0152,0.017599999999999998,0.33841282,0.03831339,0.30235133,0.0036222795,0.016800000000000002,0.5803921,0.012,0.016800000000000002,0.368,0.0248,0.0128,0.02,0.40597576,0.045694403,0.36163458
-0.07994069,0.0034926645,0.0144,0.0096,0.0152,0.3312,0.0216,0.0112,0.016,0.2793772,0.03979069,0.24176562,0.033624023,0.0028946586,0.0296,0.0128,0.0144,0.4248,0.0256,0.0144,0.016,0.3739475,0.03961749,0.33881363,0.003740337,0.0216,0.6673405,0.0144,0.0144,0.4168,0.0248,0.016800000000000002,0.016800000000000002,0.4508783,0.06218496,0.3931517
-0.08007516,0.0038490295,0.012,0.008,0.0192,0.27440000000000003,0.024,0.008799999999999999,0.0192,0.35925823,0.033437733,0.32675037,0.03366205,0.0033204444,0.0328,0.016,0.0096,0.38720000000000004,0.0264,0.017599999999999998,0.016,0.3487918,0.054738928,0.29440966,0.004114666,0.0232,0.76738536,0.0144,0.0128,0.29359999999999997,0.0264,0.017599999999999998,0.016800000000000002,0.500719,0.07202557,0.42969373
-0.08009846,0.003983274,0.016800000000000002,0.012,0.0136,0.0656,0.020800000000000003,0.0144,0.0152,0.34511065,0.057797816,0.29030216,0.033659965,0.0033225305,0.032,0.016,0.0144,0.4208,0.024,0.0184,0.017599999999999998,0.42398632,0.05312527,0.37145942,0.0044973074,0.0216,0.6237524,0.0136,0.016,0.0224,0.0272,0.0152,0.017599999999999998,0.52776784,0.07356358,0.45786145
-0.080169246,0.004054066,0.0136,0.0112,0.0144,0.3968,0.0216,0.012,0.0184,0.30633783,0.047616974,0.2588519,0.033689186,0.0034092627,0.0304,0.0144,0.0136,0.372,0.0264,0.016800000000000002,0.016,0.39093846,0.052442964,0.34061468,0.004430005,0.016,0.41494623,0.010400000000000001,0.016800000000000002,0.3008,0.028,0.012,0.0184,0.4379446,0.055330332,0.38280708
-0.080192536,0.004188303,0.0128,0.0112,0.0136,0.3024,0.020800000000000003,0.0128,0.016,0.27775773,0.048706356,0.23071557,0.033734176,0.0034802258,0.0272,0.012,0.0136,0.35359999999999997,0.0272,0.0152,0.017599999999999998,0.36403674,0.04562489,0.31800327,0.004482789,0.0152,0.48471543,0.010400000000000001,0.017599999999999998,0.30479999999999996,0.0256,0.0136,0.0184,0.41538748,0.055976372,0.36096668
-0.08026953,0.004487194,0.0136,0.0096,0.012,0.38239999999999996,0.02,0.0112,0.0184,0.37311295,0.052872177,0.32152194,0.033792846,0.0035375096,0.0256,0.0096,0.020800000000000003,0.3608,0.0272,0.012,0.020800000000000003,0.3351099,0.032960545,0.3022951,0.004883393,0.017599999999999998,0.5085961,0.012,0.0152,0.38720000000000004,0.0264,0.0136,0.0184,0.48906994,0.06735811,0.42331457
-0.080346756,0.0045644194,0.010400000000000001,0.0096,0.016,0.0144,0.024,0.012,0.0192,0.32885095,0.0448032,0.28469348,0.033804443,0.003989728,0.0272,0.0112,0.0144,0.164,0.0248,0.0136,0.017599999999999998,0.39725906,0.04764206,0.35226914,0.004945066,0.0152,0.39492625,0.0112,0.016800000000000002,0.0192,0.0248,0.0144,0.0184,0.45637912,0.06740356,0.39077
-0.080633,0.0047397166,0.0128,0.0096,0.016,0.016800000000000002,0.024,0.0112,0.0184,0.35847026,0.050982986,0.30887628,0.033779863,0.0037824009,0.0232,0.008,0.0224,0.3736,0.031200000000000002,0.008799999999999999,0.0232,0.37696385,0.021680923,0.35586038,0.005242625,0.0232,0.8059241,0.0144,0.0144,0.0688,0.0232,0.016800000000000002,0.016,0.5201893,0.088694096,0.43343905
-0.08082251,0.004929226,0.016,0.012,0.0136,0.368,0.0216,0.0136,0.016,0.32220626,0.06896132,0.25419486,0.033845954,0.0037163105,0.0264,0.008799999999999999,0.0192,0.3176,0.0296,0.012,0.0224,0.408565,0.032426424,0.37853307,0.0053625046,0.0232,0.65168303,0.0152,0.012,0.0216,0.0224,0.016800000000000002,0.0152,0.5039797,0.09767953,0.4091339
-0.0810637,0.00517042,0.0144,0.012,0.0144,0.0184,0.0216,0.0136,0.0152,0.35830528,0.06743842,0.29428798,0.033961445,0.0040646344,0.0248,0.0096,0.0184,0.3432,0.028,0.0112,0.02,0.41146153,0.034168452,0.38084984,0.0055356687,0.0144,0.36529332,0.010400000000000001,0.017599999999999998,0.016800000000000002,0.0272,0.012,0.0192,0.48164755,0.061703544,0.4238425
-0.08136504,0.0054717585,0.016,0.012,0.0144,0.0192,0.0216,0.0136,0.0152,0.23404652,0.079257146,0.15416363,0.034067426,0.004074607,0.0288,0.0112,0.0144,0.37679999999999997,0.024,0.0128,0.0192,0.37035677,0.035950206,0.33441126,0.0058946516,0.017599999999999998,0.4288707,0.0112,0.016,0.017599999999999998,0.0248,0.0136,0.02,0.366861,0.07898888,0.2873666
-0.08160757,0.0059361868,0.0136,0.0096,0.016,0.016,0.0224,0.0112,0.017599999999999998,0.32907137,0.067852505,0.2601724,0.03408714,0.0046346597,0.032,0.0136,0.0136,0.0192,0.020800000000000003,0.016,0.0152,0.390588,0.06120017,0.32901675,0.00637183,0.017599999999999998,0.3719258,0.012,0.016,0.0184,0.024,0.0136,0.017599999999999998,0.44851622,0.08775387,0.35979423
-0.08187939,0.006097056,0.0184,0.0144,0.012,0.02,0.0184,0.016,0.0136,0.35419604,0.10650396,0.2479074,0.03410477,0.0048489384,0.028,0.008799999999999999,0.016800000000000002,0.3192,0.0256,0.010400000000000001,0.017599999999999998,0.43661755,0.03369937,0.40878874,0.006566984,0.020800000000000003,0.5338365,0.0136,0.0144,0.020800000000000003,0.0224,0.0152,0.017599999999999998,0.527082,0.10618844,0.4233685
-0.08217807,0.0068395287,0.0144,0.0112,0.0128,0.016800000000000002,0.020800000000000003,0.0128,0.016800000000000002,0.38626722,0.08727515,0.30072594,0.034129344,0.0047084093,0.0256,0.008,0.0184,0.328,0.028,0.008799999999999999,0.0216,0.36716944,0.024395721,0.3431671,0.007117863,0.017599999999999998,0.3771399,0.012,0.0152,0.0192,0.0232,0.0144,0.016800000000000002,0.4943359,0.10140715,0.3947078
-0.08218672,0.006626282,0.016,0.0128,0.012,0.0192,0.0192,0.0144,0.0144,0.36468285,0.103346184,0.26360884,0.034163665,0.0050219484,0.0288,0.012,0.0136,0.016800000000000002,0.0224,0.0128,0.017599999999999998,0.37250468,0.048371244,0.32519567,0.0069513805,0.016800000000000002,0.3993569,0.012,0.0144,0.0192,0.0248,0.0136,0.0184,0.48082593,0.097103834,0.38584328
-0.08206557,0.0066160783,0.0128,0.0112,0.0144,0.017599999999999998,0.02,0.0136,0.016800000000000002,0.31220663,0.08488797,0.2278858,0.034162275,0.005023338,0.0256,0.010400000000000001,0.016,0.3464,0.0216,0.0112,0.0184,0.36519724,0.044677358,0.32159877,0.0068938127,0.017599999999999998,0.49652615,0.0136,0.0144,0.02,0.0224,0.0152,0.017599999999999998,0.4484759,0.10939994,0.3391688
-0.081908904,0.0065703616,0.0128,0.010400000000000001,0.0144,0.016800000000000002,0.0216,0.0128,0.017599999999999998,0.31785977,0.08127187,0.23753308,0.03414419,0.0048095174,0.028,0.012,0.0152,0.35760000000000003,0.0224,0.0144,0.016800000000000002,0.31707352,0.04866909,0.27022833,0.006907547,0.016,0.4051023,0.012,0.0152,0.0184,0.0248,0.0136,0.017599999999999998,0.41709557,0.0950736,0.32311136
-0.08169589,0.0065792464,0.0144,0.0112,0.0152,0.016,0.0224,0.012,0.0184,0.34061524,0.081258714,0.2602886,0.034070205,0.004999455,0.028,0.0096,0.016,0.0992,0.0256,0.0128,0.0192,0.39169705,0.036184583,0.35923007,0.0068760104,0.017599999999999998,0.34609428,0.0112,0.016,0.017599999999999998,0.024,0.0136,0.0184,0.4532923,0.09731253,0.35771158
-0.08143893,0.006766077,0.0128,0.0112,0.0144,0.017599999999999998,0.0224,0.012,0.016800000000000002,0.35736033,0.08029823,0.27736646,0.034073923,0.004879784,0.0288,0.012,0.0144,0.352,0.0232,0.0136,0.016800000000000002,0.35574234,0.052181736,0.30298352,0.0069085793,0.017599999999999998,0.45314223,0.0136,0.016,0.02,0.0224,0.0152,0.017599999999999998,0.4770355,0.10492288,0.37161458
-0.08115291,0.006480057,0.0128,0.012,0.0144,0.016800000000000002,0.0216,0.0136,0.016800000000000002,0.24580768,0.08027078,0.16381675,0.033938717,0.0047830828,0.028,0.012,0.016,0.3552,0.024,0.0144,0.0184,0.42444974,0.05342559,0.37563336,0.0068168347,0.0144,0.31564555,0.0112,0.016,0.0184,0.024,0.0136,0.02,0.36542585,0.086413726,0.27788666
-0.080934785,0.006150987,0.0144,0.0112,0.0152,0.017599999999999998,0.0224,0.0128,0.016800000000000002,0.4426875,0.078542694,0.36613306,0.033958193,0.0045317,0.028,0.010400000000000001,0.0184,0.1056,0.0256,0.012,0.02,0.41251194,0.042308114,0.37331975,0.006356639,0.017599999999999998,0.41457993,0.0128,0.016,0.0192,0.0256,0.0144,0.0184,0.5713476,0.09258397,0.48213193
-0.08078522,0.0058904737,0.0144,0.010400000000000001,0.0152,0.016,0.0248,0.012,0.0184,0.3318444,0.06985932,0.26117024,0.03388306,0.004374925,0.032,0.012,0.0128,0.2384,0.0216,0.016,0.016800000000000002,0.3873424,0.05602867,0.3326124,0.0063634664,0.0216,0.50872827,0.0136,0.0144,0.020800000000000003,0.0232,0.016,0.017599999999999998,0.47848284,0.10754507,0.3711128
-0.08059195,0.005697198,0.0144,0.010400000000000001,0.016800000000000002,0.0152,0.024,0.012,0.02,0.36728835,0.068266496,0.2987222,0.033922486,0.0044514537,0.032,0.0144,0.0136,0.4024,0.0256,0.016,0.017599999999999998,0.411344,0.057698376,0.35487473,0.006079631,0.020800000000000003,0.5274384,0.0136,0.016,0.020800000000000003,0.024,0.0152,0.0184,0.5244119,0.09973578,0.42488968
-0.08055179,0.0054351427,0.0152,0.012,0.0152,0.017599999999999998,0.0216,0.0128,0.017599999999999998,0.34882146,0.07553061,0.27215606,0.03389419,0.0043637976,0.028,0.0096,0.017599999999999998,0.1352,0.0264,0.0128,0.02,0.4033491,0.043620646,0.3623016,0.005693868,0.0152,0.30261394,0.010400000000000001,0.0184,0.016800000000000002,0.0256,0.0128,0.02,0.4531759,0.070787035,0.3813764
-0.080588624,0.004473444,0.012,0.008799999999999999,0.02,0.0144,0.0248,0.0096,0.020800000000000003,0.3250794,0.042249177,0.28458324,0.033881668,0.0035646409,0.0296,0.012,0.016,0.42,0.028,0.0136,0.020800000000000003,0.41239056,0.040752336,0.376561,0.0050251293,0.017599999999999998,0.47298008,0.0112,0.0184,0.26,0.028,0.0136,0.02,0.47725138,0.06396301,0.41642156
-0.08061192,0.004496742,0.052000000000000005,0.0112,0.0144,0.3232,0.0232,0.0136,0.016800000000000002,0.39946872,0.060849607,0.347323,0.033884913,0.0035613962,0.068,0.0144,0.0144,0.4608,0.0264,0.016,0.016800000000000002,0.4030008,0.053650793,0.35627162,0.0047322363,0.052000000000000005,0.3168031,0.0096,0.0184,0.017599999999999998,0.0256,0.012,0.02,0.5051366,0.057330664,0.45789772
-0.08058685,0.0045826174,0.0128,0.008799999999999999,0.0152,0.0144,0.024,0.0112,0.0192,0.3909852,0.046139494,0.3469386,0.03391831,0.0035280008,0.028,0.0112,0.017599999999999998,0.4136,0.0296,0.0152,0.0216,0.3689072,0.043008305,0.32484493,0.004770294,0.0128,0.28143707,0.008,0.0192,0.0144,0.0296,0.010400000000000001,0.0232,0.47806177,0.0434488,0.43661767
-0.08053426,0.00408623,0.0136,0.008799999999999999,0.016,0.1328,0.0256,0.012,0.02,0.34488112,0.04550104,0.2987266,0.033878654,0.0034517013,0.032,0.0152,0.0136,0.3968,0.0248,0.0184,0.016,0.3327873,0.053538024,0.27944875,0.0046215286,0.0256,0.80637723,0.016,0.0136,0.2096,0.0256,0.016800000000000002,0.016800000000000002,0.47889906,0.088436455,0.3899326
-0.080485,0.0033712834,0.0144,0.0128,0.0136,0.3832,0.020800000000000003,0.0144,0.016,0.33035347,0.045261264,0.28652886,0.033838302,0.0032601468,0.0256,0.010400000000000001,0.016800000000000002,0.39999999999999997,0.0304,0.0144,0.0216,0.41325963,0.03660792,0.37916934,0.004129359,0.0232,0.78279483,0.0152,0.012,0.024,0.0288,0.017599999999999998,0.016,0.52565944,0.07520942,0.45353407
-0.08041377,0.0031891055,0.048,0.0072,0.016800000000000002,0.4472,0.0256,0.010400000000000001,0.02,0.31554347,0.029694531,0.28481075,0.03382972,0.0030368231,0.064,0.012,0.017599999999999998,0.4496,0.0288,0.0144,0.0216,0.35847485,0.03469357,0.3264717,0.0036671625,0.0544,0.5746466,0.012,0.017599999999999998,0.31039999999999995,0.032,0.0136,0.02,0.45970705,0.04893908,0.4105861
-0.08048855,0.0032638796,0.0064,0.0048,0.0184,0.3728,0.0256,0.008,0.0216,0.3679602,0.018344663,0.35009748,0.03375412,0.0027645603,0.0264,0.0152,0.016,0.3976,0.028,0.017599999999999998,0.0192,0.39337146,0.046472482,0.34814963,0.0037710855,0.0136,0.580696,0.0112,0.017599999999999998,0.38480000000000003,0.031200000000000002,0.012,0.02,0.5234505,0.042698015,0.48230094
-0.080340326,0.0035594553,0.0144,0.0112,0.0128,0.39840000000000003,0.020800000000000003,0.0128,0.0144,0.27987373,0.04199143,0.23893373,0.033772904,0.0028617308,0.0296,0.0152,0.0128,0.3688,0.0248,0.016800000000000002,0.0192,0.3577177,0.044776604,0.31411922,0.0038511653,0.0144,0.39171922,0.0096,0.016800000000000002,0.296,0.0288,0.0112,0.020800000000000003,0.39524314,0.040149435,0.35612038
-0.08043152,0.002984956,0.0096,0.008799999999999999,0.0152,0.3408,0.0232,0.010400000000000001,0.0184,0.2785922,0.026610777,0.2522974,0.03368988,0.0027128495,0.0264,0.0128,0.012,0.4224,0.028,0.0144,0.0184,0.37395483,0.040939566,0.33545828,0.003556658,0.0192,0.81854236,0.0144,0.0136,0.4032,0.0272,0.016,0.0184,0.4634016,0.05382958,0.4113303
-0.08046214,0.0027936846,0.0144,0.012,0.0144,0.4008,0.020800000000000003,0.0144,0.0152,0.30322275,0.03919144,0.26427984,0.03367852,0.002724208,0.032,0.0184,0.0096,0.432,0.0192,0.0192,0.012,0.38305086,0.051339477,0.33504617,0.003510695,0.020800000000000003,0.83746004,0.0152,0.0144,0.28640000000000004,0.0232,0.016,0.016,0.4875486,0.052948557,0.43666604
-0.08069713,0.0032505617,0.0152,0.010400000000000001,0.010400000000000001,0.35919999999999996,0.02,0.0128,0.012,0.32479605,0.039016277,0.28773928,0.03370055,0.0024702698,0.0256,0.0112,0.017599999999999998,0.4208,0.0264,0.016,0.0216,0.3835724,0.030464161,0.35469997,0.003703401,0.0152,0.49970606,0.008799999999999999,0.0152,0.35919999999999996,0.0288,0.010400000000000001,0.0192,0.46887654,0.036733292,0.43390626
-0.08077768,0.0031092241,0.0136,0.012,0.012,0.2896,0.0224,0.012,0.0136,0.34982377,0.035437882,0.31676114,0.033784967,0.002501808,0.024,0.008799999999999999,0.0184,0.424,0.033600000000000005,0.0136,0.0192,0.3549306,0.027629308,0.32872516,0.0033015436,0.0136,0.34300405,0.0096,0.016800000000000002,0.2776,0.0264,0.012,0.0216,0.44881546,0.03504233,0.41635287
-0.08109366,0.0025376156,0.010400000000000001,0.008,0.016,0.3696,0.024,0.0096,0.02,0.31198764,0.022337932,0.29079646,0.033762466,0.0024083555,0.020800000000000003,0.008,0.0192,0.4136,0.031200000000000002,0.0096,0.024,0.35348845,0.02041021,0.334704,0.0031196084,0.020800000000000003,0.88199073,0.0136,0.0152,0.4088,0.028,0.016800000000000002,0.017599999999999998,0.47119933,0.048737306,0.4255275
-0.081250995,0.0024730526,0.0128,0.010400000000000001,0.0152,0.376,0.0216,0.010400000000000001,0.017599999999999998,0.21608405,0.025478348,0.18923452,0.033823464,0.002463311,0.033600000000000005,0.017599999999999998,0.0072,0.38799999999999996,0.020800000000000003,0.0192,0.0112,0.31991193,0.04826525,0.2722551,0.0028557028,0.0224,0.8342324,0.0144,0.0136,0.39840000000000003,0.0248,0.016800000000000002,0.0184,0.38213843,0.048227344,0.33370984
-0.08149729,0.0023864992,0.0136,0.0128,0.010400000000000001,0.392,0.0232,0.0152,0.0128,0.21618031,0.030696075,0.1841162,0.033704955,0.0022339597,0.02,0.0096,0.02,0.4184,0.035199999999999995,0.010400000000000001,0.0248,0.32994762,0.021178931,0.31046745,0.00296052,0.02,0.8550192,0.016,0.016800000000000002,0.38799999999999996,0.031200000000000002,0.016800000000000002,0.016800000000000002,0.3908314,0.04668667,0.34504434
-0.081491075,0.0026021823,0.0144,0.0112,0.0096,0.3912,0.016800000000000002,0.012,0.0136,0.26865804,0.029531319,0.23981145,0.03384317,0.0023276508,0.0296,0.0152,0.008,0.40559999999999996,0.02,0.017599999999999998,0.0144,0.32229558,0.040785305,0.28113213,0.0029548972,0.0144,0.49359828,0.008,0.016,0.38239999999999996,0.0296,0.0112,0.0192,0.38929224,0.028881336,0.36086735
-0.081513934,0.002514094,0.016,0.0112,0.008,0.4144,0.0184,0.0136,0.0136,0.26660937,0.031198714,0.23554379,0.033789366,0.0022655018,0.024,0.008,0.016,0.424,0.0328,0.012,0.0232,0.36427322,0.021931559,0.34340158,0.0028479076,0.016,0.48903543,0.010400000000000001,0.0136,0.3952,0.024,0.0112,0.0184,0.40648538,0.030197896,0.3766099
-0.08146955,0.0021368638,0.0424,0.0048,0.02,0.4424,0.028,0.008,0.0232,0.37855166,0.016839568,0.3681225,0.033752494,0.0023023747,0.06720000000000001,0.0192,0.0032,0.452,0.020800000000000003,0.0216,0.0128,0.37928885,0.045558907,0.33951685,0.0025750038,0.061599999999999995,1.0142686,0.0192,0.008799999999999999,0.44639999999999996,0.0192,0.0216,0.012,0.5220186,0.05744766,0.47317165
-0.08118442,0.0022955239,0.0136,0.0072,0.0136,0.39359999999999995,0.024,0.0096,0.016800000000000002,0.2817538,0.021272149,0.26000792,0.03377198,0.002050981,0.024,0.008,0.020800000000000003,0.41119999999999995,0.0328,0.010400000000000001,0.0264,0.34043592,0.017235233,0.32547793,0.002602815,0.0232,0.838194,0.012,0.0144,0.3864,0.028,0.016,0.0184,0.4415313,0.040759888,0.40187442
-0.080856234,0.002300188,0.012,0.012,0.012,0.4096,0.02,0.0144,0.016,0.2554065,0.025737867,0.2308869,0.033701707,0.0021212548,0.020800000000000003,0.010400000000000001,0.020800000000000003,0.41600000000000004,0.0328,0.010400000000000001,0.020800000000000003,0.33354434,0.020830423,0.31383228,0.0026779287,0.020800000000000003,0.914283,0.017599999999999998,0.012,0.41040000000000004,0.0248,0.017599999999999998,0.016800000000000002,0.42009848,0.044944223,0.37759987
-0.0806015,0.002378296,0.0056,0.0048,0.016,0.38239999999999996,0.024,0.0064,0.02,0.2961275,0.010767806,0.28580928,0.033606164,0.0022167973,0.0256,0.016,0.012,0.4192,0.031200000000000002,0.017599999999999998,0.020800000000000003,0.3962713,0.035339825,0.36334056,0.0026519294,0.012,0.4582744,0.008799999999999999,0.017599999999999998,0.40559999999999996,0.028,0.0112,0.017599999999999998,0.44088316,0.026990715,0.41415513
-0.080279075,0.0026106164,0.0136,0.010400000000000001,0.008799999999999999,0.3704,0.017599999999999998,0.0112,0.012,0.24813282,0.027405329,0.22017384,0.033569757,0.0022532046,0.0264,0.0144,0.012,0.4208,0.0264,0.016800000000000002,0.02,0.34461147,0.033424202,0.31446356,0.0029821685,0.0136,0.5045156,0.008799999999999999,0.016,0.372,0.0256,0.010400000000000001,0.02,0.3837971,0.026252128,0.35786423
-0.07997264,0.002858922,0.0152,0.0112,0.0128,0.4096,0.02,0.0128,0.0152,0.322197,0.039230533,0.2844745,0.03360083,0.0028018989,0.024,0.008799999999999999,0.0184,0.39999999999999997,0.035199999999999995,0.0112,0.0232,0.39551854,0.025500499,0.3725598,0.0035582157,0.024,0.9066526,0.0152,0.012,0.376,0.0256,0.016800000000000002,0.0184,0.5100464,0.060636487,0.45271358
-0.079901844,0.0030100234,0.010400000000000001,0.008,0.0152,0.4072,0.024,0.012,0.02,0.2986076,0.028590199,0.27153617,0.033489976,0.002796799,0.0288,0.0144,0.0128,0.42319999999999997,0.0256,0.0192,0.0152,0.33951554,0.04421545,0.29382992,0.0034911574,0.016800000000000002,0.6457889,0.012,0.017599999999999998,0.3904,0.0264,0.0128,0.020800000000000003,0.44280577,0.045865364,0.3973126
-0.07978802,0.0030071512,0.008,0.0048,0.016800000000000002,0.4072,0.028,0.0064,0.024,0.33395773,0.01764527,0.31676075,0.033494152,0.002792623,0.0328,0.017599999999999998,0.0096,0.42319999999999997,0.0224,0.020800000000000003,0.0144,0.34345585,0.052926276,0.29266822,0.003575609,0.0184,0.62666446,0.0112,0.016,0.404,0.028,0.0144,0.0192,0.47192022,0.04962203,0.42416006
-0.079729885,0.0032818578,0.008,0.008799999999999999,0.0184,0.3016,0.0264,0.0096,0.02,0.30067343,0.021723729,0.27970418,0.033531953,0.0027548224,0.0256,0.0128,0.016800000000000002,0.4256,0.031200000000000002,0.0144,0.02,0.35684878,0.035975277,0.32217875,0.003554968,0.020800000000000003,0.74377394,0.0144,0.0136,0.368,0.0296,0.016800000000000002,0.0184,0.46288276,0.06367618,0.40209195
-0.07980599,0.003690809,0.0128,0.008799999999999999,0.0152,0.408,0.024,0.0112,0.0192,0.30483028,0.03497716,0.27076912,0.033555146,0.002847582,0.028,0.012,0.0184,0.4184,0.0256,0.016,0.02,0.3592801,0.035890996,0.32426217,0.0037934287,0.0128,0.2331304,0.0072,0.0192,0.408,0.0272,0.010400000000000001,0.0216,0.37958646,0.03386829,0.34658068
-0.079818204,0.0038139708,0.016,0.0144,0.0128,0.4144,0.0184,0.0152,0.0144,0.29768315,0.059193358,0.24087751,0.033567898,0.0035305507,0.0288,0.0136,0.012,0.38720000000000004,0.0264,0.0144,0.016800000000000002,0.37650317,0.04743983,0.32988992,0.004436013,0.02,0.6270655,0.0136,0.0144,0.3584,0.0248,0.016,0.016800000000000002,0.46197093,0.07109157,0.3936269
-0.0799083,0.004347857,0.0144,0.010400000000000001,0.0136,0.016,0.0224,0.012,0.017599999999999998,0.35426974,0.051855687,0.30156925,0.033623092,0.0037072636,0.033600000000000005,0.0152,0.010400000000000001,0.40480000000000005,0.0232,0.0184,0.0144,0.37859023,0.05865205,0.32281667,0.004597614,0.024,0.68129927,0.016,0.0128,0.0224,0.0224,0.017599999999999998,0.0152,0.513618,0.08851866,0.42589808
-0.08001924,0.0042369068,0.0144,0.0128,0.0144,0.056,0.0224,0.0144,0.016,0.39243358,0.05817972,0.33562797,0.03372699,0.003487412,0.0288,0.0136,0.0144,0.4024,0.024,0.016,0.0184,0.37522244,0.047510177,0.33173996,0.004641905,0.0192,0.6143544,0.0136,0.0152,0.252,0.024,0.0152,0.0184,0.53696537,0.07385087,0.4660941
-0.07997664,0.0041943043,0.012,0.0112,0.0112,0.017599999999999998,0.0216,0.0136,0.0136,0.25874296,0.049489804,0.2080395,0.033743452,0.0035869032,0.0232,0.0096,0.0184,0.384,0.0296,0.0136,0.0192,0.32438105,0.036883175,0.28565264,0.004582376,0.0136,0.47103173,0.0112,0.016800000000000002,0.017599999999999998,0.0264,0.0128,0.02,0.377772,0.053791873,0.32204345
-0.08017212,0.004389785,0.0152,0.012,0.0128,0.3632,0.02,0.0144,0.016,0.29772836,0.061105285,0.2369286,0.03370797,0.0037383419,0.032,0.016,0.012,0.3136,0.0192,0.017599999999999998,0.0144,0.3691991,0.061988764,0.31087458,0.0048727207,0.016,0.4489808,0.010400000000000001,0.016800000000000002,0.016800000000000002,0.024,0.012,0.0192,0.42847043,0.059799064,0.3693951
-0.08014305,0.004804507,0.0144,0.0112,0.0136,0.017599999999999998,0.0216,0.0136,0.016,0.3617966,0.062294357,0.30243915,0.033708666,0.00362169,0.0272,0.0112,0.017599999999999998,0.376,0.0272,0.0136,0.0216,0.40508553,0.0398829,0.37157503,0.0050800964,0.0144,0.33089748,0.0096,0.016800000000000002,0.016800000000000002,0.0256,0.0112,0.02,0.47377858,0.058094155,0.41952485
-0.08016192,0.004823379,0.0152,0.010400000000000001,0.0144,0.016,0.0232,0.012,0.0184,0.2795421,0.05924726,0.22107226,0.033746928,0.0039312895,0.028,0.0096,0.017599999999999998,0.28719999999999996,0.0264,0.012,0.0216,0.38821703,0.030801969,0.36027232,0.0052992716,0.0184,0.47507066,0.010400000000000001,0.016800000000000002,0.0184,0.0272,0.0128,0.02,0.42615667,0.06842244,0.359951
-0.08036651,0.0050279647,0.0136,0.0096,0.016,0.016,0.0232,0.012,0.0192,0.32890975,0.061510533,0.26722243,0.033750407,0.004159717,0.0272,0.010400000000000001,0.0152,0.016800000000000002,0.0264,0.012,0.0192,0.38479537,0.042290144,0.3428203,0.005335967,0.016,0.39890772,0.0112,0.017599999999999998,0.0184,0.0256,0.012,0.02,0.45254487,0.070328474,0.38281533
-0.080448166,0.0052205697,0.0144,0.0096,0.0152,0.016800000000000002,0.024,0.0112,0.0184,0.30616572,0.060020063,0.24813971,0.033771977,0.0041381493,0.0304,0.0128,0.0144,0.352,0.0256,0.0144,0.016,0.4097807,0.04697784,0.36455888,0.0055101733,0.02,0.5218432,0.012,0.0152,0.0184,0.0248,0.0152,0.0192,0.4696827,0.08351409,0.38915896
-0.0806248,0.005508151,0.012,0.0112,0.0144,0.017599999999999998,0.0216,0.0144,0.016,0.31171432,0.06475957,0.24714231,0.03386474,0.0041613393,0.0256,0.0112,0.016,0.3448,0.0248,0.0128,0.0192,0.36571753,0.045965776,0.31840852,0.0058288793,0.016,0.51794404,0.0128,0.0152,0.02,0.0232,0.0144,0.017599999999999998,0.4518944,0.080433905,0.3711726
-0.080935456,0.006040707,0.0144,0.0112,0.0144,0.0184,0.020800000000000003,0.0136,0.016800000000000002,0.31349412,0.078887604,0.23527543,0.0338826,0.0046072938,0.028,0.010400000000000001,0.0152,0.21839999999999998,0.0232,0.0136,0.0184,0.417256,0.044374123,0.37528092,0.006277656,0.0144,0.27562523,0.0096,0.016800000000000002,0.017599999999999998,0.0256,0.0128,0.0192,0.41521698,0.07323438,0.34310633
-0.081247434,0.006241739,0.0128,0.0096,0.0144,0.016800000000000002,0.0224,0.0112,0.0184,0.32147133,0.06991171,0.2520176,0.033981156,0.0047406442,0.0296,0.0128,0.0136,0.4192,0.0224,0.0144,0.016,0.37673545,0.05005809,0.32849884,0.006641062,0.0216,0.63306403,0.0144,0.0136,0.02,0.0216,0.016,0.016800000000000002,0.48205954,0.11426637,0.37004757
-0.08152858,0.0065228865,0.012,0.0112,0.0152,0.016800000000000002,0.0224,0.0128,0.016800000000000002,0.31032628,0.07820539,0.23122004,0.034039363,0.0049143434,0.0272,0.0112,0.0136,0.3808,0.024,0.0128,0.016800000000000002,0.423176,0.051366076,0.37575105,0.006754065,0.016800000000000002,0.45087934,0.0136,0.0144,0.02,0.0224,0.0152,0.017599999999999998,0.46371558,0.104369454,0.3589195
-0.081904694,0.006566152,0.0128,0.010400000000000001,0.0152,0.016,0.020800000000000003,0.012,0.016,0.41067624,0.07676658,0.335897,0.034064177,0.004889529,0.0272,0.0112,0.016,0.3232,0.0248,0.0128,0.0184,0.41929138,0.04391304,0.3759248,0.0068342797,0.017599999999999998,0.42250377,0.0128,0.0152,0.02,0.0224,0.0144,0.016,0.5464919,0.103494674,0.4453107
-0.08209131,0.0066418163,0.017599999999999998,0.0136,0.012,0.02,0.0184,0.0152,0.0152,0.35070783,0.107509926,0.24164551,0.034076005,0.004993655,0.032,0.0136,0.0128,0.0472,0.020800000000000003,0.0144,0.0152,0.3692568,0.05909459,0.3130194,0.006946281,0.0192,0.43170932,0.0136,0.0152,0.02,0.0224,0.0144,0.016800000000000002,0.47303692,0.106619254,0.36568415
-0.08217119,0.0066107474,0.0152,0.0128,0.012,0.0192,0.02,0.0152,0.0152,0.37222522,0.09797803,0.27492347,0.034118213,0.0049514472,0.0288,0.0128,0.0152,0.017599999999999998,0.0232,0.0144,0.016,0.42850834,0.054877575,0.37644526,0.006994354,0.0152,0.33272818,0.0112,0.016,0.017599999999999998,0.024,0.0128,0.0192,0.49177107,0.0895495,0.40347952
-0.082128145,0.0069005527,0.017599999999999998,0.012,0.0128,0.0184,0.020800000000000003,0.0136,0.016,0.39608675,0.09888971,0.29756454,0.0341799,0.0050057136,0.0344,0.0136,0.012,0.02,0.0216,0.016800000000000002,0.0144,0.35128352,0.062303014,0.28971228,0.0071507436,0.017599999999999998,0.26530755,0.010400000000000001,0.016,0.017599999999999998,0.024,0.012,0.0184,0.4743371,0.09104371,0.3836097
-0.0821064,0.0066569075,0.0144,0.0112,0.0144,0.017599999999999998,0.0232,0.0128,0.017599999999999998,0.4088429,0.08565219,0.3231907,0.03410546,0.0048482455,0.0272,0.0096,0.0184,0.41040000000000004,0.0264,0.0112,0.02,0.37742686,0.037523393,0.3427568,0.0067963474,0.0144,0.20291558,0.010400000000000001,0.017599999999999998,0.016800000000000002,0.0248,0.012,0.0192,0.47651607,0.080941565,0.39598605
-0.08188738,0.00632694,0.0128,0.0112,0.016,0.016,0.0232,0.0128,0.0184,0.3898089,0.07815376,0.31414202,0.03407183,0.0048818775,0.032,0.016800000000000002,0.012,0.32080000000000003,0.0216,0.016800000000000002,0.0144,0.45181775,0.07282819,0.38340524,0.006826283,0.0152,0.38486296,0.012,0.016800000000000002,0.016800000000000002,0.0256,0.0128,0.02,0.5309212,0.08715334,0.4475261
-0.08149241,0.0060429163,0.0144,0.012,0.0136,0.0192,0.0224,0.0144,0.016,0.34432793,0.08236681,0.2610056,0.03407647,0.004413422,0.0256,0.0112,0.0184,0.24639999999999998,0.0272,0.012,0.0224,0.38247317,0.039654218,0.34316498,0.0064344606,0.0144,0.35065222,0.010400000000000001,0.0184,0.0184,0.0264,0.012,0.02,0.45475867,0.075686395,0.37837872
-0.081211716,0.005984124,0.0136,0.010400000000000001,0.016,0.0152,0.024,0.0112,0.02,0.3632525,0.06811269,0.2942426,0.034011535,0.0043624043,0.0296,0.0112,0.017599999999999998,0.1416,0.0272,0.0136,0.0184,0.39302695,0.045803286,0.34699348,0.0061391275,0.0256,0.7380074,0.017599999999999998,0.0112,0.0232,0.0216,0.02,0.0144,0.53317255,0.12614733,0.40645164
-0.08097273,0.005967032,0.0504,0.012,0.0152,0.017599999999999998,0.0216,0.0136,0.016800000000000002,0.40125006,0.087679066,0.31537586,0.033996925,0.0044929683,0.0664,0.0136,0.0144,0.02,0.024,0.016,0.0184,0.3722139,0.053928286,0.3204987,0.0062750936,0.0504,0.3146418,0.010400000000000001,0.016800000000000002,0.017599999999999998,0.0272,0.012,0.020800000000000003,0.49674278,0.079431824,0.4195701
-0.08081296,0.005363468,0.0136,0.012,0.016,0.016800000000000002,0.0248,0.012,0.0192,0.38271603,0.06699222,0.31770027,0.033895813,0.00424622,0.0328,0.016,0.0128,0.43119999999999997,0.024,0.0192,0.016800000000000002,0.3617787,0.070780404,0.2910471,0.0057201767,0.0184,0.4536602,0.0144,0.016800000000000002,0.02,0.028,0.0152,0.02,0.5025565,0.091208525,0.41294917
-0.08065919,0.004433058,0.017599999999999998,0.0128,0.012,0.16799999999999998,0.0216,0.0144,0.016,0.35348362,0.06945732,0.28624886,0.03386613,0.0038120877,0.028,0.0112,0.016,0.4208,0.0288,0.0128,0.0192,0.4281028,0.042515542,0.3898382,0.005050894,0.0192,0.49980098,0.012,0.016800000000000002,0.0192,0.0264,0.0136,0.02,0.51541346,0.07260603,0.44676572
-0.0806146,0.0041665696,0.010400000000000001,0.008,0.0192,0.26399999999999996,0.0264,0.008799999999999999,0.0216,0.34534088,0.037966922,0.30772936,0.03385407,0.0035922378,0.0264,0.010400000000000001,0.0184,0.3432,0.0288,0.0136,0.020800000000000003,0.40421593,0.03842005,0.36919802,0.0046590636,0.016,0.4639469,0.012,0.0184,0.017599999999999998,0.028,0.0136,0.020800000000000003,0.4897151,0.061155483,0.4305387
-0.08061459,0.0044994093,0.0144,0.0128,0.0136,0.12480000000000001,0.0224,0.0144,0.016,0.3104938,0.058355853,0.25268963,0.033813026,0.0037492383,0.0256,0.0096,0.017599999999999998,0.41040000000000004,0.0288,0.0112,0.020800000000000003,0.40612632,0.03996772,0.36797768,0.004837982,0.0144,0.37633514,0.010400000000000001,0.016800000000000002,0.0192,0.0288,0.0128,0.020800000000000003,0.43802208,0.055295233,0.38332564
-0.08060593,0.0041579045,0.0528,0.0128,0.0128,0.3416,0.0216,0.0144,0.0152,0.41161895,0.06373059,0.35536808,0.03381256,0.003401842,0.064,0.012,0.017599999999999998,0.42,0.032,0.0144,0.0184,0.4082158,0.039776765,0.37447336,0.00463595,0.0584,0.78777325,0.0128,0.0144,0.412,0.0288,0.016,0.0192,0.57970333,0.075716004,0.5131257
-0.080526486,0.0033018216,0.0112,0.008799999999999999,0.017599999999999998,0.3704,0.0256,0.0112,0.017599999999999998,0.27514422,0.032024078,0.24363483,0.033767104,0.0029834844,0.0296,0.0152,0.0136,0.35600000000000004,0.0264,0.017599999999999998,0.0184,0.38363653,0.04928149,0.33644348,0.0038951149,0.0232,0.82741815,0.016,0.0136,0.1976,0.0272,0.0184,0.0152,0.46863976,0.07229453,0.39783445
-0.08060727,0.003049761,0.0464,0.0072,0.0152,0.42319999999999997,0.024,0.0096,0.0192,0.2928051,0.028991856,0.26351473,0.03376548,0.0027532019,0.0648,0.0128,0.0144,0.464,0.0376,0.0184,0.0216,0.33592278,0.04270183,0.2926722,0.0037976673,0.0544,0.6859048,0.012,0.016,0.2408,0.0256,0.0136,0.0184,0.43935072,0.05152228,0.3872647
-0.0805123,0.0033985823,0.0144,0.0112,0.0136,0.35359999999999997,0.0224,0.0136,0.016,0.31965393,0.04020522,0.28060007,0.03381071,0.0028239265,0.0256,0.0128,0.016800000000000002,0.3864,0.028,0.0144,0.0224,0.3700624,0.030301793,0.3397986,0.00364467,0.0144,0.36957732,0.008799999999999999,0.016,0.3632,0.028,0.0112,0.0216,0.43174538,0.03867891,0.39432317
-0.08047901,0.003032446,0.0128,0.008,0.0144,0.4024,0.0224,0.0136,0.016800000000000002,0.25629663,0.03098932,0.22334492,0.033745077,0.0025416985,0.0232,0.008,0.0224,0.4184,0.0296,0.012,0.0232,0.33487374,0.021414274,0.3150457,0.0034558347,0.0192,0.56351703,0.0136,0.016,0.4088,0.0248,0.0144,0.016,0.39554554,0.050530232,0.34426168
-0.0803634,0.0028058887,0.0096,0.0096,0.0152,0.3728,0.024,0.0112,0.0184,0.3098263,0.026348062,0.28397533,0.033757832,0.0026448965,0.0256,0.0144,0.016,0.4224,0.031200000000000002,0.016,0.016800000000000002,0.35383147,0.039414868,0.3167264,0.0035410575,0.017599999999999998,0.7058573,0.0128,0.016,0.3864,0.0248,0.0152,0.017599999999999998,0.46532077,0.052075498,0.4146071
-0.080411986,0.002854474,0.0112,0.008,0.0144,0.3504,0.0216,0.0112,0.016,0.2856822,0.027758304,0.2590546,0.033640485,0.0025303364,0.0248,0.0112,0.0152,0.4152,0.0296,0.0136,0.02,0.30304614,0.030435724,0.27243447,0.0031879966,0.016800000000000002,0.6583949,0.012,0.016,0.35600000000000004,0.0296,0.0136,0.0184,0.41138577,0.04235531,0.3702786
-0.08040955,0.0028520375,0.0112,0.008799999999999999,0.0136,0.3736,0.0224,0.0096,0.0192,0.2635537,0.026503772,0.23814651,0.033594105,0.0025767162,0.024,0.0112,0.02,0.42319999999999997,0.0304,0.0128,0.0216,0.35789025,0.028253203,0.33284432,0.0031674935,0.016,0.5910538,0.010400000000000001,0.016800000000000002,0.4152,0.0264,0.0136,0.0224,0.41827232,0.040326625,0.38043794
-0.08042841,0.002648998,0.0128,0.0112,0.012,0.372,0.0232,0.0136,0.016,0.33183765,0.031621967,0.3021035,0.033715855,0.002686873,0.0248,0.0096,0.016,0.3992,0.0296,0.0144,0.0184,0.34774572,0.032273576,0.31736594,0.003214143,0.02,0.71494144,0.0144,0.0152,0.37679999999999997,0.0296,0.0152,0.016800000000000002,0.47855395,0.052292272,0.42961776
-0.08053781,0.00042848662,-0.29200000000000004,0.1064,0.0008,0.10719999999999999,0.0008,0.1064,0.0008,-0.03855247,0.0,-0.016806535,0.033596657,0.00071891025,1.1487999999999998,1.5024,0.0008,1.5448,0.0016,1.5024,0.0008,-0.002435999,0.0037325826,0.016093895,0.00082976837,1.4784,2.3281496,1.716,0.0008,1.8744,0.0016,1.7448,0.0008,0.024715438,0.05663107,0.0110526215
-0.08073952,0.002516318,0.0152,0.0096,0.0112,0.4088,0.0192,0.0128,0.0152,0.3474993,0.030391138,0.3196512,0.033646286,0.0022926293,0.0272,0.0128,0.0144,0.404,0.0288,0.0144,0.020800000000000003,0.36316472,0.03179995,0.3335966,0.0029197752,0.0152,0.53195095,0.0072,0.0184,0.3808,0.0344,0.0096,0.0216,0.48368436,0.029053984,0.4572142
-0.08093722,0.0024921224,0.008,0.0096,0.0136,0.3856,0.02,0.0096,0.0184,0.3072692,0.016267244,0.29095975,0.033707276,0.0023475923,0.020800000000000003,0.0096,0.0192,0.38720000000000004,0.0368,0.0112,0.0192,0.36774617,0.023352548,0.34490335,0.0027824421,0.020800000000000003,1.0041696,0.0152,0.016800000000000002,0.38720000000000004,0.13040000000000002,0.016800000000000002,0.0192,0.47521225,0.045372218,0.4301517
-0.08115291,0.0021530688,0.0072,0.0048,0.0184,0.404,0.0288,0.0064,0.0224,0.33523205,0.011389311,0.3254686,0.03373974,0.0021991767,0.031200000000000002,0.0152,0.008799999999999999,0.404,0.0288,0.02,0.0136,0.34085095,0.040430114,0.30061513,0.0027664101,0.0216,0.85267335,0.0152,0.0136,0.4128,0.0296,0.0152,0.017599999999999998,0.47724855,0.0439086,0.4359596
-0.08137236,0.0022615679,0.0112,0.0096,0.016,0.4088,0.0224,0.0112,0.0184,0.30576697,0.020899948,0.2852415,0.033729307,0.0024415143,0.0264,0.0112,0.016,0.3704,0.0288,0.0112,0.0216,0.36212218,0.029318575,0.335221,0.0027488626,0.0264,1.0933924,0.016,0.0136,0.3704,0.0288,0.0184,0.016,0.46212584,0.050900962,0.4141708
-0.081462,0.002240263,0.0024,0.0064,0.0192,0.35919999999999996,0.0256,0.0064,0.020800000000000003,0.31785923,0.0045018233,0.31353223,0.033791922,0.0022629462,0.020800000000000003,0.0112,0.017599999999999998,0.4208,0.033600000000000005,0.0152,0.0224,0.38821188,0.028688721,0.35980326,0.0026950187,0.020800000000000003,0.99668896,0.0184,0.0112,0.4208,0.0368,0.0216,0.017599999999999998,0.4985974,0.04933534,0.45136467
-0.081409864,0.0021881238,0.0144,0.010400000000000001,0.0128,0.3968,0.0224,0.012,0.016,0.24502975,0.025739606,0.21818021,0.03381047,0.002244398,0.0248,0.0112,0.017599999999999998,0.4184,0.0304,0.0136,0.0216,0.3450826,0.023194984,0.32455885,0.0026807252,0.0184,0.61591846,0.0112,0.012,0.4008,0.028,0.0144,0.0192,0.39936098,0.034788094,0.3643538
-0.08134152,0.0023416802,0.0112,0.0064,0.0152,0.35600000000000004,0.0232,0.0096,0.017599999999999998,0.2715466,0.019691583,0.2516868,0.033858713,0.0021961555,0.028,0.0128,0.0144,0.4192,0.0248,0.0152,0.0152,0.3632799,0.033382922,0.32907367,0.002812412,0.0192,0.7170875,0.0128,0.0152,0.4144,0.024,0.0136,0.0192,0.44341564,0.03946552,0.4032317
-0.081325546,0.0022147559,0.0112,0.008,0.0136,0.3952,0.0224,0.008799999999999999,0.0184,0.33223855,0.018802252,0.3153744,0.033762705,0.0021762103,0.032,0.0184,0.010400000000000001,0.4304,0.0264,0.020800000000000003,0.0112,0.36490172,0.03973943,0.3274488,0.0026275062,0.017599999999999998,0.7098491,0.010400000000000001,0.0192,0.3672,0.032,0.0128,0.02,0.48980325,0.0324419,0.45914304
-0.08103642,0.0023694225,0.0112,0.008,0.016800000000000002,0.41040000000000004,0.024,0.008799999999999999,0.02,0.29712877,0.020967592,0.27671424,0.033761773,0.0024090484,0.0256,0.0112,0.016,0.41600000000000004,0.0304,0.0136,0.0184,0.30750942,0.026997685,0.28026038,0.0028879866,0.0256,0.9866114,0.016,0.010400000000000001,0.41600000000000004,0.0232,0.0184,0.0152,0.420385,0.053568013,0.3678552
-0.08063545,0.0029669926,0.0152,0.012,0.0112,0.2712,0.0192,0.0152,0.0136,0.3566525,0.04228237,0.31748772,0.03375505,0.0027636327,0.0264,0.0112,0.012,0.4224,0.0256,0.0136,0.0184,0.3524399,0.033107232,0.32194418,0.0034216943,0.0184,0.6922113,0.012,0.016,0.27440000000000003,0.0264,0.0152,0.016800000000000002,0.4995058,0.047677636,0.45544022
-0.080539584,0.002871126,0.0096,0.0056,0.017599999999999998,0.3808,0.0248,0.0064,0.0216,0.40634853,0.019475441,0.38970625,0.033639792,0.0026469827,0.0248,0.0096,0.016,0.28159999999999996,0.0304,0.010400000000000001,0.02,0.34148115,0.021644728,0.3222329,0.003506855,0.02,0.80630946,0.012,0.0128,0.332,0.0248,0.0136,0.017599999999999998,0.52772075,0.04389086,0.48780704
-0.08014084,0.0031380653,0.048,0.010400000000000001,0.0144,0.4072,0.0216,0.012,0.0184,0.312765,0.038281728,0.27936947,0.03364953,0.0027531981,0.0608,0.010400000000000001,0.016,0.4304,0.0304,0.0144,0.0216,0.33777338,0.030558877,0.31052434,0.003771761,0.053599999999999995,0.73214346,0.0112,0.016,0.02,0.028,0.0136,0.017599999999999998,0.4584067,0.04961554,0.41468036
-0.079838835,0.0032798573,0.012,0.010400000000000001,0.0144,0.2784,0.0216,0.012,0.016,0.3005051,0.036216922,0.26489064,0.033650458,0.0029841773,0.0272,0.0128,0.0128,0.3816,0.0248,0.0152,0.0184,0.3804443,0.039195053,0.34519446,0.00363542,0.0216,0.8112891,0.0152,0.012,0.38480000000000003,0.024,0.016800000000000002,0.016,0.48280588,0.0640541,0.4217507
-0.079852596,0.0034045689,0.008799999999999999,0.008,0.016800000000000002,0.3424,0.0248,0.0112,0.02,0.30494753,0.026355412,0.27931845,0.033619612,0.003130976,0.0304,0.017599999999999998,0.0096,0.42160000000000003,0.0224,0.0184,0.0136,0.36056054,0.053347465,0.312092,0.0039047648,0.0224,0.7934092,0.016,0.012,0.3552,0.0216,0.017599999999999998,0.0144,0.47088516,0.07241011,0.4032274
-0.07974387,0.0038505867,0.0152,0.0128,0.0136,0.036,0.02,0.0144,0.0144,0.3363499,0.054743662,0.28387126,0.033655558,0.0032109842,0.031200000000000002,0.016,0.008799999999999999,0.3784,0.0232,0.0192,0.0152,0.31562886,0.053569183,0.2635658,0.0042588445,0.0152,0.4414366,0.0096,0.017599999999999998,0.016800000000000002,0.0248,0.0128,0.02,0.4389559,0.05069218,0.39031896
-0.079752065,0.0038587824,0.0152,0.012,0.0128,0.1096,0.020800000000000003,0.0144,0.016,0.3316164,0.057340242,0.27569836,0.03360941,0.0033730865,0.028,0.0112,0.0152,0.42800000000000005,0.0256,0.0144,0.017599999999999998,0.37864885,0.04257235,0.34200758,0.0044128047,0.016800000000000002,0.5561224,0.0112,0.0184,0.28640000000000004,0.0272,0.0128,0.0192,0.48153216,0.057140153,0.4281274
-0.07981421,0.0040318742,0.0112,0.008799999999999999,0.017599999999999998,0.3344,0.0248,0.010400000000000001,0.0192,0.3040079,0.037252165,0.26739496,0.033637237,0.0035771653,0.0272,0.008799999999999999,0.016,0.3144,0.0272,0.012,0.0184,0.34734252,0.033151165,0.31649897,0.0046425997,0.0184,0.51872534,0.012,0.0152,0.0192,0.024,0.0152,0.0192,0.43621948,0.06471206,0.37382948
-0.07981842,0.004147034,0.0096,0.010400000000000001,0.0144,0.34400000000000003,0.0224,0.012,0.0184,0.31193268,0.039335236,0.27310073,0.03364582,0.0033366755,0.020800000000000003,0.008,0.020800000000000003,0.3976,0.031200000000000002,0.010400000000000001,0.024,0.3718635,0.030864017,0.340904,0.0045824815,0.0184,0.74439913,0.0144,0.0136,0.0224,0.0248,0.016,0.016,0.48137367,0.07381871,0.40848207
-0.07997864,0.004418198,0.0504,0.012,0.0136,0.36479999999999996,0.0216,0.0144,0.016800000000000002,0.37063396,0.06809915,0.3100561,0.03368756,0.0036427937,0.064,0.0112,0.016,0.4424,0.0256,0.0144,0.0192,0.4009695,0.04212369,0.36606753,0.00483393,0.0584,0.71768016,0.016,0.0136,0.236,0.0216,0.017599999999999998,0.0152,0.542904,0.09325245,0.46136048
-0.07998906,0.0046505183,0.0128,0.0096,0.016,0.0848,0.024,0.0112,0.0184,0.30688706,0.0522186,0.2570712,0.033745077,0.0038171858,0.0264,0.0096,0.016,0.3976,0.0272,0.0128,0.0184,0.36896402,0.03656704,0.33220682,0.005103536,0.02,0.6018733,0.0136,0.0144,0.3784,0.024,0.016,0.016800000000000002,0.4618626,0.08117873,0.3827524
-0.07999904,0.004993342,0.016,0.0128,0.0136,0.017599999999999998,0.0216,0.0144,0.016,0.3528638,0.07102021,0.28374287,0.033791922,0.004118204,0.0296,0.0112,0.0136,0.308,0.0248,0.0144,0.0152,0.42972314,0.045232456,0.38763207,0.005491054,0.0216,0.5943044,0.0136,0.0136,0.3,0.0232,0.016,0.016,0.5329771,0.09154965,0.4441743
-0.08010045,0.0049838014,0.0112,0.008799999999999999,0.0152,0.0152,0.0232,0.010400000000000001,0.0192,0.3266282,0.05091198,0.2755919,0.033740204,0.0041699223,0.032,0.016800000000000002,0.010400000000000001,0.21680000000000002,0.02,0.0192,0.012,0.38734597,0.07113519,0.31974512,0.0052241194,0.020800000000000003,0.6695573,0.016,0.0136,0.0216,0.0224,0.016800000000000002,0.016,0.49650997,0.093702875,0.40390417
-0.080117315,0.00511162,0.0128,0.012,0.0128,0.016800000000000002,0.0216,0.0136,0.017599999999999998,0.3609161,0.064145096,0.29911783,0.033815112,0.0042109676,0.0248,0.0096,0.0152,0.1832,0.0272,0.012,0.02,0.3941264,0.03847287,0.3584128,0.0055873645,0.016800000000000002,0.5050739,0.012,0.016,0.02,0.0232,0.0152,0.0184,0.5065584,0.0805821,0.43030608
-0.080212064,0.0055392124,0.012,0.010400000000000001,0.0144,0.0152,0.0232,0.012,0.0184,0.28874287,0.060121853,0.22860883,0.033823688,0.004202392,0.0304,0.0152,0.0128,0.2968,0.0224,0.016800000000000002,0.0152,0.4132069,0.06008678,0.3549983,0.0057642246,0.016800000000000002,0.4865036,0.0128,0.016,0.0192,0.0232,0.0136,0.0184,0.4484308,0.08101467,0.3681278
-0.08033987,0.005999867,0.0136,0.0128,0.0144,0.0184,0.020800000000000003,0.0152,0.016800000000000002,0.36307177,0.082359836,0.28252319,0.033808384,0.004681509,0.0304,0.0152,0.010400000000000001,0.31679999999999997,0.020800000000000003,0.016800000000000002,0.0152,0.43593085,0.06936483,0.3706491,0.0064826733,0.0152,0.4313344,0.0112,0.016,0.0184,0.0248,0.0136,0.0192,0.512073,0.08494654,0.42986685
-0.0805813,0.006574139,0.0152,0.0112,0.0136,0.0184,0.0224,0.0136,0.016,0.34610248,0.086631425,0.26067218,0.033839926,0.004649967,0.0272,0.0096,0.0184,0.4008,0.0256,0.010400000000000001,0.0184,0.3596301,0.03170953,0.32693133,0.0067473953,0.0152,0.22710396,0.010400000000000001,0.016,0.016,0.024,0.012,0.017599999999999998,0.41818863,0.081324615,0.33803266
-0.0808316,0.0066025443,0.016800000000000002,0.0128,0.012,0.0192,0.02,0.0152,0.0152,0.368961,0.10148571,0.26932928,0.033880044,0.005073663,0.0288,0.0096,0.016,0.016,0.024,0.012,0.016800000000000002,0.4118699,0.03747807,0.37685198,0.0069515076,0.016800000000000002,0.31819907,0.012,0.0152,0.0192,0.024,0.0128,0.0184,0.4792955,0.09181579,0.38985288
-0.08112628,0.0064534284,0.0144,0.0112,0.0144,0.016800000000000002,0.0216,0.0128,0.016800000000000002,0.36252445,0.08354288,0.27775985,0.033923414,0.0049143396,0.028,0.010400000000000001,0.016,0.016,0.024,0.012,0.0184,0.41111213,0.03819154,0.37713784,0.0068424805,0.0192,0.46348935,0.0128,0.016,0.02,0.024,0.0144,0.017599999999999998,0.50807416,0.10651,0.40208662
-0.08143161,0.0065368637,0.0152,0.0112,0.016,0.016,0.0232,0.0128,0.017599999999999998,0.3991402,0.08547939,0.3147084,0.034068123,0.0050015375,0.0272,0.008,0.0184,0.0144,0.0264,0.0096,0.0216,0.40577945,0.028357087,0.37818256,0.0071078106,0.020800000000000003,0.47682938,0.0136,0.0144,0.020800000000000003,0.0232,0.016,0.017599999999999998,0.5408563,0.11415627,0.42871577
-0.08181393,0.006697286,0.0152,0.0128,0.0128,0.0192,0.020800000000000003,0.0144,0.016800000000000002,0.43524235,0.09840183,0.3382734,0.03411682,0.004836887,0.032,0.0136,0.012,0.2488,0.020800000000000003,0.016,0.0152,0.36972225,0.06430328,0.30965835,0.0069111907,0.0152,0.24944541,0.0112,0.016800000000000002,0.017599999999999998,0.024,0.0128,0.0184,0.5130434,0.09208057,0.42285424
-0.081957944,0.0066194013,0.0128,0.008799999999999999,0.016800000000000002,0.0152,0.0264,0.010400000000000001,0.02,0.3664004,0.06863174,0.29849994,0.03419358,0.0049920343,0.0328,0.0136,0.012,0.3632,0.020800000000000003,0.016800000000000002,0.0152,0.39065373,0.06610897,0.32641554,0.007004967,0.024,0.6394709,0.016,0.012,0.0232,0.02,0.0184,0.0152,0.5271348,0.1320462,0.39529243
-0.08216165,0.006490264,0.016,0.0112,0.0152,0.016800000000000002,0.0216,0.0128,0.016800000000000002,0.40457278,0.09064044,0.313706,0.03417642,0.005009193,0.0328,0.0128,0.0128,0.02,0.0224,0.0152,0.016,0.44062662,0.060666937,0.38322973,0.006810077,0.0248,0.6859334,0.016800000000000002,0.0128,0.0224,0.0216,0.0184,0.0152,0.59216076,0.13076535,0.46234047
-0.082167864,0.0061636306,0.0144,0.0112,0.0152,0.016800000000000002,0.0224,0.0136,0.017599999999999998,0.41411516,0.07976884,0.33456513,0.034227673,0.0047260337,0.0288,0.0112,0.016800000000000002,0.017599999999999998,0.0256,0.0128,0.0192,0.37563333,0.044559557,0.33597726,0.0065989057,0.0184,0.45008066,0.0128,0.016,0.0192,0.0248,0.0144,0.0184,0.53628916,0.09768482,0.43956482
-0.082071334,0.006067101,0.0136,0.012,0.0144,0.016800000000000002,0.0216,0.0136,0.017599999999999998,0.40650952,0.07873205,0.32873464,0.034229066,0.0044927336,0.0264,0.0112,0.016800000000000002,0.07039999999999999,0.0256,0.0128,0.02,0.42850584,0.045409437,0.38780615,0.006526598,0.0152,0.3774803,0.0112,0.016800000000000002,0.017599999999999998,0.0264,0.0136,0.02,0.5358281,0.08362901,0.4536546
-0.08191623,0.0058010444,0.0152,0.0144,0.0128,0.0216,0.0184,0.016800000000000002,0.0144,0.32945544,0.093577616,0.23603684,0.03413723,0.0045845695,0.0256,0.0112,0.016,0.3416,0.0256,0.0128,0.0184,0.43105778,0.053827457,0.3779511,0.006362527,0.0152,0.4232679,0.0128,0.0152,0.020800000000000003,0.0248,0.0144,0.0184,0.4774351,0.08828299,0.3891648
-0.08147976,0.0053645745,0.0152,0.012,0.0152,0.0184,0.0224,0.0144,0.016800000000000002,0.40185088,0.07285845,0.3298453,0.033990666,0.0041513667,0.0304,0.0144,0.016,0.2536,0.0224,0.0152,0.017599999999999998,0.4588853,0.057336167,0.407402,0.005668859,0.0152,0.32913136,0.010400000000000001,0.017599999999999998,0.0184,0.0272,0.012,0.02,0.52860236,0.06794466,0.46207342
-0.081094325,0.004535347,0.012,0.010400000000000001,0.0152,0.016800000000000002,0.024,0.012,0.0184,0.28441375,0.049501847,0.234376,0.034059312,0.0037348587,0.0288,0.0152,0.016,0.2672,0.0256,0.016,0.017599999999999998,0.41493705,0.053519383,0.3639176,0.0048336578,0.0192,0.6799378,0.0128,0.016,0.09680000000000001,0.0272,0.0152,0.02,0.48205295,0.07753689,0.40479004
-0.08089351,0.004001688,0.0112,0.0096,0.016800000000000002,0.3728,0.0264,0.0112,0.02,0.33561802,0.043042663,0.29290286,0.034040757,0.003637461,0.0328,0.017599999999999998,0.0096,0.35359999999999997,0.0216,0.02,0.0128,0.3556888,0.06924395,0.28530508,0.0042938176,0.0232,0.8317627,0.0184,0.0152,0.34400000000000003,0.0272,0.02,0.0184,0.4889602,0.087487735,0.40170228
-0.08074107,0.0039601997,0.012,0.010400000000000001,0.0136,0.3504,0.0248,0.0136,0.0184,0.33135188,0.047531474,0.28364405,0.033898134,0.0034322217,0.028,0.0152,0.016800000000000002,0.38720000000000004,0.0296,0.016800000000000002,0.0192,0.41001302,0.05043977,0.3591095,0.0045093996,0.016,0.49868977,0.0128,0.017599999999999998,0.0192,0.028,0.0136,0.0216,0.4870956,0.06292551,0.4230209
-0.08071111,0.003930241,0.012,0.0072,0.0184,0.3024,0.0264,0.0096,0.0224,0.37356436,0.03576537,0.3396141,0.033779398,0.0034350045,0.028,0.010400000000000001,0.016800000000000002,0.42,0.0288,0.0112,0.020800000000000003,0.4241592,0.03476749,0.3928518,0.0042541246,0.0248,0.735785,0.0152,0.0128,0.4168,0.0256,0.0192,0.0184,0.5616074,0.08306338,0.48322028
-0.08071445,0.0032678843,0.012,0.010400000000000001,0.0152,0.38799999999999996,0.0256,0.0112,0.0184,0.3355763,0.032708872,0.3035122,0.03377453,0.0028601065,0.0264,0.0128,0.016800000000000002,0.4016,0.0264,0.0136,0.020800000000000003,0.37864617,0.035827056,0.34386015,0.003738828,0.0152,0.50734043,0.0096,0.02,0.19360000000000002,0.028,0.0136,0.0224,0.47727394,0.041866448,0.43633088
-0.080570206,0.0031236447,0.016800000000000002,0.017599999999999998,0.0072,0.24400000000000002,0.017599999999999998,0.0192,0.0096,0.21651576,0.05672063,0.16015394,0.03375876,0.002643969,0.0248,0.016800000000000002,0.017599999999999998,0.4144,0.032,0.016800000000000002,0.02,0.3678619,0.04207507,0.32855368,0.0039465427,0.016800000000000002,0.6575551,0.0128,0.0136,0.324,0.0256,0.016,0.017599999999999998,0.39620098,0.05622156,0.3418113
-0.08056111,0.0030035973,0.0064,0.0056,0.0192,0.35760000000000003,0.0272,0.008,0.0224,0.26893976,0.015707642,0.2539617,0.033808388,0.002710294,0.0248,0.0112,0.016,0.4016,0.0288,0.016,0.020800000000000003,0.37760162,0.037521806,0.34177202,0.0034899283,0.016800000000000002,0.6993284,0.0128,0.016800000000000002,0.39359999999999995,0.0288,0.0136,0.02,0.44887638,0.048833568,0.40171194
-0.08053936,0.0030927993,0.0136,0.010400000000000001,0.012,0.3944,0.0232,0.0112,0.016800000000000002,0.2585077,0.033827264,0.22655454,0.033734176,0.0029004589,0.0288,0.012,0.0136,0.4224,0.032,0.016,0.0184,0.4091426,0.04041025,0.37273324,0.0033958734,0.016800000000000002,0.49896115,0.010400000000000001,0.016,0.3976,0.0288,0.0136,0.0192,0.42277077,0.04421591,0.38145816
-0.08057044,0.0005720593,-0.3072,0.0696,0.0008,0.09119999999999999,0.0008,0.08320000000000001,0.0008,-0.032052964,0.0,-0.018406272,0.03375667,0.00055889785,-0.0688,0.3312,0.0008,0.3312,0.0032,0.3312,0.0008,-0.025854453,0.0,-0.024926823,0.0007829822,1.3864,-1.98557,1.7616,0.0008,1.784,0.0016,1.772,0.0008,0.036578983,0.051474705,0.0026885183
-0.080531605,0.0026412457,0.008,0.008,0.016800000000000002,0.38480000000000003,0.0256,0.008,0.020800000000000003,0.24437465,0.018757027,0.22640097,0.03364605,0.0025247708,0.0224,0.010400000000000001,0.0184,0.42,0.036,0.0112,0.020800000000000003,0.39499742,0.027327012,0.37099507,0.0032801249,0.0144,0.63473785,0.0096,0.0152,0.3912,0.0264,0.010400000000000001,0.0224,0.43099728,0.0355517,0.39820167
-0.080425754,0.002535399,0.0464,0.008799999999999999,0.017599999999999998,0.4248,0.0248,0.008799999999999999,0.02,0.26672375,0.023678351,0.24065086,0.033682693,0.0024881288,0.062400000000000004,0.0128,0.0136,0.46240000000000003,0.0376,0.0152,0.017599999999999998,0.37424088,0.034058377,0.3446728,0.0030903413,0.056,0.875103,0.0128,0.016800000000000002,0.43920000000000003,0.0288,0.0144,0.02,0.4582189,0.04550652,0.41394082
-0.08045948,0.0025691278,0.0072,0.0096,0.0136,0.3784,0.02,0.012,0.017599999999999998,0.31254616,0.019682731,0.29290828,0.033646747,0.0024081208,0.0216,0.0128,0.0152,0.3912,0.0272,0.016,0.0184,0.33788925,0.03661068,0.3024075,0.0030875094,0.008799999999999999,0.58790857,0.0096,0.0184,0.3464,0.0296,0.010400000000000001,0.02,0.44747123,0.024127165,0.42455205
-0.08041155,0.0025211945,0.0136,0.010400000000000001,0.010400000000000001,0.4024,0.02,0.0128,0.0152,0.18085055,0.028769888,0.15200394,0.033565115,0.0023737997,0.0248,0.0112,0.016,0.41040000000000004,0.0384,0.0128,0.0232,0.34844235,0.029525504,0.31945404,0.0029076878,0.02,0.82807523,0.0136,0.0152,0.38480000000000003,0.0304,0.0144,0.0184,0.37898177,0.043833263,0.33483884
-0.08044838,0.0021142326,0.0152,0.010400000000000001,0.0112,0.38,0.0192,0.0136,0.0136,0.24208565,0.02663467,0.2165675,0.03357949,0.0022434704,0.0272,0.012,0.016,0.4224,0.0288,0.0128,0.02,0.36270756,0.027577566,0.33777755,0.0025315352,0.016800000000000002,0.6578134,0.008799999999999999,0.016800000000000002,0.412,0.15839999999999999,0.0112,0.0232,0.4133249,0.027688993,0.38669297
-0.08052339,0.0023001842,0.0136,0.010400000000000001,0.0136,0.40559999999999996,0.0224,0.0112,0.017599999999999998,0.29002017,0.023459401,0.2671648,0.033576943,0.0022460185,0.0264,0.0128,0.0152,0.42319999999999997,0.0328,0.0152,0.0192,0.31510505,0.02715748,0.2877401,0.0027377969,0.0224,0.7088525,0.0128,0.0112,0.4152,0.0232,0.016,0.016,0.42527878,0.04508,0.38003257
-0.08064899,0.0023148395,0.0152,0.012,0.0128,0.41119999999999995,0.0216,0.0152,0.0152,0.27627277,0.033108965,0.24321012,0.03363886,0.0021841004,0.0264,0.0112,0.016,0.4152,0.0296,0.0144,0.0184,0.35331303,0.026737541,0.3290788,0.0027842722,0.02,0.72015953,0.0144,0.016800000000000002,0.4128,0.031200000000000002,0.0152,0.017599999999999998,0.44068596,0.041543264,0.3998666
-0.08089195,0.0021140054,0.0136,0.0096,0.0128,0.3992,0.020800000000000003,0.010400000000000001,0.0184,0.37250352,0.022291467,0.34831673,0.033714462,0.001992546,0.033600000000000005,0.017599999999999998,0.008,0.404,0.02,0.017599999999999998,0.008,0.2522024,0.030000504,0.22321406,0.0024325086,0.020800000000000003,0.67957085,0.0128,0.016,0.3552,0.0248,0.0136,0.0192,0.44824797,0.033743203,0.41308162
-0.08100712,0.002451077,0.016,0.0128,0.008799999999999999,0.4136,0.017599999999999998,0.0152,0.0112,0.28447407,0.033599675,0.2515224,0.033651385,0.0022875294,0.0256,0.0112,0.012,0.4248,0.09040000000000001,0.0152,0.017599999999999998,0.38960466,0.030182233,0.36154392,0.0028801362,0.0152,0.6856868,0.008799999999999999,0.016,0.4128,0.028,0.010400000000000001,0.0216,0.466878,0.02830617,0.44058254
-0.08126918,0.0023802891,0.0136,0.0096,0.008799999999999999,0.4008,0.02,0.0136,0.0152,0.2993956,0.025708761,0.27531978,0.03371934,0.0024514832,0.024,0.0072,0.0152,0.4192,0.0304,0.0112,0.0224,0.32634664,0.02275691,0.30315596,0.0028140729,0.024,1.0575422,0.0144,0.012,0.4192,0.09040000000000001,0.016,0.020800000000000003,0.43130496,0.043392703,0.38833085
-0.08140631,0.0022955202,0.0056,0.008799999999999999,0.016,0.3968,0.024,0.0112,0.017599999999999998,0.23470707,0.011630703,0.22361222,0.033759918,0.0020630434,0.020800000000000003,0.0136,0.0128,0.4072,0.0256,0.0152,0.0152,0.3355701,0.031839892,0.3049584,0.002844481,0.0128,0.7539382,0.010400000000000001,0.016,0.3336,0.0232,0.0128,0.0192,0.40080392,0.031744152,0.3704762
-0.081494406,0.0024945661,0.0144,0.012,0.0064,0.3952,0.0184,0.0152,0.0128,0.25640073,0.032143086,0.22466947,0.03382833,0.002226539,0.0224,0.008799999999999999,0.017599999999999998,0.42160000000000003,0.031200000000000002,0.0136,0.02,0.31545374,0.024890147,0.289944,0.0028678745,0.0144,0.5159366,0.0096,0.0152,0.3952,0.0248,0.0112,0.0184,0.37865436,0.031771023,0.3468203
-0.081482425,0.002260685,0.0112,0.0056,0.016,0.41040000000000004,0.0248,0.008,0.020800000000000003,0.27914754,0.017448217,0.26228335,0.03379424,0.002260629,0.0248,0.008,0.02,0.412,0.031200000000000002,0.010400000000000001,0.0224,0.3598057,0.019639779,0.3428765,0.00276667,0.0248,0.95635194,0.0152,0.0128,0.3808,0.031200000000000002,0.016,0.016800000000000002,0.45492488,0.04551218,0.41346043
-0.08130669,0.003083486,0.016800000000000002,0.0136,0.008799999999999999,0.408,0.0192,0.016800000000000002,0.0096,0.2831486,0.046779554,0.23910207,0.033776384,0.0029742047,0.032,0.016,0.0072,0.41040000000000004,0.017599999999999998,0.02,0.0136,0.33191702,0.04800471,0.28553566,0.003520444,0.016800000000000002,0.50354016,0.0096,0.016,0.30960000000000004,0.028,0.0128,0.0192,0.40816385,0.043135766,0.36790586
-0.08116178,0.003271427,0.0112,0.010400000000000001,0.012,0.40559999999999996,0.020800000000000003,0.0128,0.0144,0.2854134,0.036480274,0.24946614,0.033749945,0.003000643,0.0248,0.0128,0.012,0.41600000000000004,0.0256,0.016800000000000002,0.016800000000000002,0.38537282,0.043739744,0.3435136,0.0036725278,0.0216,0.90346813,0.016,0.012,0.348,0.020800000000000003,0.0184,0.0152,0.47934124,0.06926802,0.4125421
-0.080942325,0.0033848137,0.0136,0.0128,0.012,0.3856,0.02,0.0144,0.0144,0.3234123,0.041676197,0.28258324,0.03366391,0.002854772,0.024,0.010400000000000001,0.0184,0.38720000000000004,0.0216,0.0112,0.0216,0.35829538,0.028014315,0.33417708,0.0037351176,0.0136,0.4365556,0.008,0.016,0.1752,0.0248,0.0128,0.0192,0.44457525,0.038039133,0.40826178
-0.08052983,0.003305167,0.0152,0.0144,0.010400000000000001,0.3672,0.017599999999999998,0.0152,0.012,0.1902341,0.04892958,0.14130583,0.033711683,0.0029229522,0.0224,0.008799999999999999,0.016800000000000002,0.41119999999999995,0.0296,0.010400000000000001,0.0224,0.33719146,0.024329763,0.31458056,0.0039855605,0.016800000000000002,0.5929686,0.0112,0.0144,0.3816,0.024,0.0128,0.0184,0.3461895,0.05005568,0.29667607
-0.08027132,0.003490448,0.008799999999999999,0.008,0.016800000000000002,0.35919999999999996,0.0224,0.008,0.02,0.24398516,0.027521964,0.2161371,0.033643965,0.0032225773,0.0256,0.0112,0.016,0.4256,0.0272,0.0128,0.0184,0.40943238,0.03517378,0.37812495,0.0039484184,0.020800000000000003,0.77358,0.0136,0.0128,0.20800000000000002,0.0232,0.016800000000000002,0.016800000000000002,0.46062112,0.06636014,0.39569306
-0.07999705,0.0039928146,0.008799999999999999,0.008799999999999999,0.016,0.045599999999999995,0.0248,0.0112,0.016800000000000002,0.24985784,0.03326991,0.21590763,0.033621237,0.0033612587,0.0248,0.012,0.0136,0.4008,0.0264,0.0136,0.0184,0.38021353,0.042627763,0.33893412,0.0043032677,0.0152,0.6010771,0.0112,0.0152,0.0192,0.0264,0.0144,0.0192,0.4210871,0.057409175,0.3640249
-0.07977094,0.004210498,0.0128,0.012,0.0128,0.3128,0.0192,0.0136,0.0152,0.30328292,0.05250088,0.2519138,0.033677362,0.0033051334,0.024,0.0096,0.0192,0.3976,0.0272,0.012,0.0216,0.36536673,0.032596737,0.33463913,0.004471385,0.0184,0.655446,0.0136,0.0136,0.392,0.0248,0.0152,0.017599999999999998,0.46313122,0.06968878,0.39421242
-0.07968595,0.0041255094,0.012,0.0112,0.0136,0.20879999999999999,0.0216,0.0136,0.016800000000000002,0.32940856,0.050233055,0.28003648,0.03361335,0.0034850985,0.024,0.010400000000000001,0.0152,0.41040000000000004,0.0264,0.0128,0.0184,0.37870812,0.038227595,0.34102327,0.004604259,0.0152,0.5589235,0.0112,0.017599999999999998,0.0192,0.024,0.0136,0.0184,0.4801003,0.05979897,0.42112976
-0.079619825,0.0043922327,0.0144,0.010400000000000001,0.0144,0.1216,0.0224,0.0136,0.016800000000000002,0.28014913,0.054318655,0.22622819,0.033671096,0.0035433061,0.028,0.012,0.016800000000000002,0.3712,0.0264,0.0136,0.0192,0.3646186,0.039485678,0.32704976,0.004592148,0.0144,0.2961544,0.008799999999999999,0.017599999999999998,0.0152,0.024,0.0128,0.0192,0.3743649,0.051312473,0.32343435
-0.079802446,0.004574854,0.008,0.0056,0.0184,0.0128,0.0264,0.008799999999999999,0.0224,0.3815005,0.03132522,0.35154444,0.03362634,0.0035880618,0.0264,0.012,0.016,0.30960000000000004,0.028,0.0128,0.0192,0.40340203,0.042108685,0.36502153,0.0051342244,0.0184,0.5984292,0.0136,0.0152,0.0224,0.024,0.0152,0.016800000000000002,0.5424586,0.07662285,0.46837652
-0.08007805,0.0050723553,0.016800000000000002,0.0128,0.0128,0.0192,0.02,0.0152,0.0144,0.37918124,0.07778376,0.3030706,0.03362588,0.004400201,0.0296,0.012,0.0136,0.1712,0.0248,0.0128,0.016,0.4435196,0.04615816,0.40339977,0.00548269,0.016800000000000002,0.3893443,0.0112,0.0184,0.016800000000000002,0.0256,0.0128,0.02,0.5191546,0.07085787,0.45138106
-0.080033,0.005582042,0.0152,0.0112,0.0152,0.017599999999999998,0.0224,0.0128,0.016800000000000002,0.38787994,0.074216604,0.31421018,0.033751335,0.004390698,0.0288,0.010400000000000001,0.0152,0.07919999999999999,0.0256,0.0128,0.017599999999999998,0.39395574,0.04315516,0.35522732,0.0058360775,0.0184,0.49403155,0.012,0.016800000000000002,0.020800000000000003,0.0264,0.0136,0.0192,0.5283061,0.08422709,0.44611973
-0.080004595,0.0059974343,0.0152,0.0128,0.0136,0.228,0.0216,0.0136,0.016800000000000002,0.36092103,0.08310758,0.27881914,0.03381256,0.004445426,0.0304,0.0136,0.0144,0.29359999999999997,0.0256,0.0152,0.016800000000000002,0.35000724,0.050537635,0.2993356,0.0064029032,0.016800000000000002,0.35778654,0.012,0.016,0.017599999999999998,0.024,0.0136,0.02,0.46063858,0.085500956,0.37663764
-0.08012065,0.006335389,0.0184,0.0136,0.0128,0.02,0.02,0.016,0.0152,0.38639057,0.1018893,0.2849837,0.03378357,0.004706323,0.0304,0.0112,0.016800000000000002,0.1056,0.0248,0.0128,0.017599999999999998,0.3778963,0.03900033,0.33963177,0.006691985,0.0184,0.32792422,0.0112,0.016,0.0192,0.0248,0.0136,0.0184,0.48751324,0.09233408,0.3955061
-0.08009956,0.0063142963,0.016800000000000002,0.0136,0.012,0.02,0.0184,0.0152,0.0144,0.3844335,0.099759474,0.28757548,0.033829026,0.004660867,0.028,0.0096,0.016800000000000002,0.016800000000000002,0.0264,0.012,0.0192,0.39783752,0.036741003,0.364327,0.0066951257,0.016800000000000002,0.3389077,0.012,0.016,0.0192,0.0248,0.0128,0.0184,0.4948302,0.0906971,0.40791485
-0.08028884,0.0063926317,0.016,0.0128,0.0128,0.0192,0.020800000000000003,0.0144,0.016,0.40268934,0.09567754,0.30915982,0.033808157,0.004565783,0.028,0.010400000000000001,0.017599999999999998,0.0928,0.024,0.012,0.0184,0.37893394,0.037935242,0.3442639,0.006701265,0.02,0.5132323,0.0144,0.0144,0.0216,0.0224,0.0152,0.016800000000000002,0.53686255,0.10938732,0.4314779
-0.08044128,0.0063231736,0.0128,0.0096,0.016,0.016,0.0232,0.0112,0.0184,0.36801258,0.07265699,0.2951194,0.033876564,0.004729282,0.028,0.010400000000000001,0.016800000000000002,0.39280000000000004,0.0256,0.012,0.017599999999999998,0.37551954,0.0397153,0.33586353,0.006723351,0.020800000000000003,0.5394927,0.0144,0.0144,0.0224,0.0224,0.016,0.016,0.5086482,0.11680703,0.39080083
-0.0806745,0.006556388,0.0112,0.0128,0.0136,0.0192,0.020800000000000003,0.0144,0.0152,0.3213642,0.07847565,0.24403313,0.03381581,0.0049059913,0.024,0.012,0.016,0.4208,0.024,0.0128,0.0184,0.46619034,0.05627218,0.41517085,0.006928175,0.0112,0.3290897,0.0112,0.016,0.017599999999999998,0.024,0.0128,0.0192,0.45478296,0.07401481,0.38272595
-0.08090283,0.006451875,0.0112,0.008799999999999999,0.0184,0.0136,0.0256,0.010400000000000001,0.02,0.3434966,0.05992638,0.28469393,0.034008753,0.0048290007,0.0304,0.0136,0.0136,0.29919999999999997,0.024,0.0152,0.016800000000000002,0.4322191,0.056996744,0.37679338,0.006819613,0.016800000000000002,0.37690634,0.012,0.016,0.0192,0.024,0.0136,0.0184,0.4784622,0.09400993,0.38529667
-0.08120084,0.0066389367,0.0128,0.0112,0.0144,0.017599999999999998,0.0224,0.0128,0.016800000000000002,0.39913827,0.08092672,0.31958818,0.03403635,0.0048014037,0.0288,0.012,0.0144,0.3072,0.0232,0.0144,0.017599999999999998,0.43239295,0.05515772,0.37789488,0.006868084,0.0144,0.31601495,0.0112,0.016,0.0184,0.0256,0.0128,0.0192,0.5137531,0.086597145,0.42904475
-0.08162111,0.006504465,0.016,0.0128,0.0128,0.0192,0.0216,0.0152,0.016,0.43730408,0.09813614,0.34033513,0.034106385,0.0047313683,0.0328,0.016,0.010400000000000001,0.1688,0.0216,0.0184,0.0128,0.37418485,0.07095942,0.30530855,0.0068648173,0.0192,0.48887926,0.0136,0.0152,0.020800000000000003,0.024,0.0152,0.0184,0.5618091,0.10877837,0.45487782
-0.081801735,0.0060193986,0.0496,0.010400000000000001,0.0152,0.016800000000000002,0.024,0.012,0.017599999999999998,0.41444921,0.08007689,0.3396699,0.034221414,0.0046163388,0.0688,0.016,0.012,0.36,0.020800000000000003,0.0184,0.016,0.38125336,0.06665364,0.3202618,0.006458075,0.0584,0.6523906,0.016,0.0136,0.024,0.0248,0.017599999999999998,0.016800000000000002,0.56078994,0.11918086,0.44965893
-0.08203805,0.005922869,0.0128,0.0096,0.016,0.017599999999999998,0.024,0.0112,0.0192,0.37977457,0.065808386,0.31575727,0.034190565,0.0042993277,0.028,0.0128,0.016800000000000002,0.324,0.0264,0.0128,0.02,0.42224976,0.048089508,0.37691197,0.0063049127,0.016,0.39807582,0.010400000000000001,0.017599999999999998,0.017599999999999998,0.0256,0.0128,0.02,0.51376265,0.08029842,0.4371541
-0.08207023,0.005511254,0.0192,0.016,0.0112,0.3456,0.0192,0.0184,0.0136,0.39226115,0.10386734,0.28896812,0.034234636,0.0042552575,0.0288,0.012,0.016800000000000002,0.368,0.0256,0.0136,0.0192,0.3923239,0.04894706,0.34513086,0.006188065,0.02,0.54569346,0.0144,0.016,0.020800000000000003,0.0256,0.0152,0.0192,0.53891253,0.098394975,0.44148603
-0.08216009,0.0051573254,0.0128,0.0096,0.016800000000000002,0.016800000000000002,0.024,0.0128,0.02,0.35769218,0.05799757,0.2972253,0.03421515,0.004158791,0.032,0.0152,0.0128,0.3744,0.0232,0.016800000000000002,0.0152,0.405899,0.06825497,0.33934176,0.0058528776,0.017599999999999998,0.4924863,0.012,0.017599999999999998,0.020800000000000003,0.0288,0.0136,0.0192,0.5071005,0.07945653,0.4268824
-0.082027845,0.0049141273,0.0144,0.0096,0.016800000000000002,0.18239999999999998,0.0256,0.0112,0.02,0.42781502,0.055946387,0.37167513,0.034146506,0.0039955266,0.0288,0.010400000000000001,0.0192,0.056799999999999996,0.0288,0.0136,0.0216,0.3871118,0.041451983,0.3484993,0.0054310844,0.0264,0.765611,0.016800000000000002,0.0144,0.0256,0.0248,0.0192,0.016800000000000002,0.57669693,0.10982174,0.46902508
-0.08179641,0.0043498427,0.016,0.0128,0.0144,0.1128,0.0216,0.0136,0.0152,0.37672463,0.06258823,0.3150373,0.034123547,0.0035546701,0.0256,0.0112,0.02,0.38799999999999996,0.0296,0.012,0.0216,0.43795753,0.03443727,0.4064182,0.0048687686,0.017599999999999998,0.51431483,0.0112,0.0152,0.1144,0.028,0.0144,0.020800000000000003,0.5434359,0.06526233,0.47946125
-0.0814629,0.0041272826,0.0504,0.0112,0.0152,0.3144,0.024,0.0136,0.016800000000000002,0.31564826,0.05653933,0.26228204,0.034123313,0.0034389514,0.0688,0.017599999999999998,0.0112,0.44079999999999997,0.0232,0.0192,0.0152,0.40682757,0.061871685,0.34885085,0.0047725616,0.056,0.6123497,0.0136,0.0152,0.3144,0.024,0.0152,0.0184,0.492136,0.075118266,0.42107853
-0.081198834,0.004085116,0.0136,0.010400000000000001,0.016,0.016,0.0224,0.012,0.017599999999999998,0.35036752,0.049254365,0.30399102,0.034050733,0.0035115313,0.0296,0.0152,0.016800000000000002,0.42,0.0248,0.016800000000000002,0.0184,0.3620028,0.052121863,0.3095919,0.0045502456,0.0144,0.45609492,0.0096,0.02,0.3064,0.032,0.0112,0.0216,0.47399524,0.0485567,0.42800748
-0.08102331,0.003798645,0.0152,0.0112,0.0152,0.3192,0.0248,0.0128,0.0184,0.31491897,0.0495408,0.26499218,0.03390045,0.0034299046,0.031200000000000002,0.0136,0.0128,0.3712,0.0256,0.0152,0.017599999999999998,0.3865929,0.04993198,0.33835626,0.004456513,0.0216,0.5961826,0.0144,0.0136,0.020800000000000003,0.0272,0.016,0.0184,0.47765794,0.072329104,0.4059701
-0.080752164,0.0031946525,0.0144,0.0128,0.0128,0.35919999999999996,0.020800000000000003,0.0144,0.0144,0.33356965,0.043746132,0.29085445,0.033951472,0.0026831627,0.0224,0.008,0.0184,0.3696,0.033600000000000005,0.010400000000000001,0.0224,0.33394742,0.026775993,0.30832174,0.0037327623,0.017599999999999998,0.59861124,0.0128,0.016,0.352,0.028,0.0136,0.0192,0.46374613,0.0538615,0.41143745
-0.0806654,0.0028859936,0.012,0.0096,0.017599999999999998,0.37520000000000003,0.0256,0.0096,0.0192,0.33972692,0.027535226,0.31409785,0.033816732,0.0028179027,0.031200000000000002,0.0136,0.012,0.4192,0.024,0.0192,0.016,0.43129307,0.044500496,0.39105722,0.0033964443,0.024,0.81429756,0.016800000000000002,0.0152,0.38720000000000004,0.0232,0.017599999999999998,0.016800000000000002,0.54683673,0.06172732,0.4897877
-0.08063634,0.0028569289,0.012,0.0112,0.0136,0.3888,0.0232,0.0128,0.016,0.31315947,0.03187004,0.28309247,0.033820674,0.0029299147,0.0296,0.016,0.0136,0.4008,0.0248,0.017599999999999998,0.0144,0.33847368,0.045792017,0.2926721,0.0033984636,0.0192,0.6300367,0.0136,0.016,0.396,0.0248,0.0152,0.0184,0.45245475,0.05402898,0.4006966
-0.080484115,0.002926603,0.008,0.0096,0.0152,0.3832,0.0248,0.010400000000000001,0.016800000000000002,0.29340875,0.024495248,0.26911107,0.033825316,0.0026933663,0.0288,0.0184,0.010400000000000001,0.4256,0.0248,0.0192,0.0136,0.31620613,0.05220318,0.26576644,0.0034155147,0.017599999999999998,0.7569688,0.0152,0.0144,0.3672,0.0248,0.016,0.016800000000000002,0.43043044,0.054045107,0.37784445
-0.08048212,0.0031465031,0.0464,0.008,0.0144,0.41600000000000004,0.0232,0.0096,0.016800000000000002,0.29390848,0.030386843,0.2661714,0.03378195,0.002620779,0.06,0.0112,0.0192,0.45999999999999996,0.0256,0.0152,0.0224,0.3581227,0.028426012,0.3357437,0.003475823,0.0512,0.508792,0.010400000000000001,0.016800000000000002,0.42,0.0272,0.0128,0.0192,0.4311298,0.044345297,0.39133078
-0.08062236,0.0027320012,0.0144,0.012,0.0112,0.3176,0.0216,0.012,0.0144,0.28259596,0.0355294,0.2463158,0.033657182,0.002629593,0.0256,0.012,0.017599999999999998,0.4192,0.0856,0.0152,0.02,0.41842043,0.03243176,0.3887364,0.0032321136,0.0192,0.73431855,0.0136,0.016,0.24,0.031200000000000002,0.0136,0.016800000000000002,0.49014327,0.047262512,0.4434067
-0.08048434,0.0027049296,0.012,0.008799999999999999,0.0152,0.39840000000000003,0.024,0.010400000000000001,0.020800000000000003,0.31033054,0.026039694,0.2857,0.03373696,0.0026657693,0.0264,0.010400000000000001,0.0136,0.412,0.035199999999999995,0.0128,0.0184,0.40775126,0.030341553,0.3704143,0.0031752451,0.0216,0.87339187,0.0136,0.0144,0.4072,0.032,0.0144,0.017599999999999998,0.5118498,0.04802903,0.46184698
-0.080530934,0.0026405752,0.0072,0.0064,0.0184,0.4064,0.0224,0.0096,0.0192,0.2964589,0.017995879,0.27981663,0.033743683,0.0024271384,0.0192,0.0072,0.0224,0.4144,0.033600000000000005,0.010400000000000001,0.0224,0.38833055,0.022769585,0.36757487,0.003129087,0.0192,0.8877758,0.0152,0.0144,0.3272,0.0264,0.016800000000000002,0.02,0.48832306,0.050867066,0.4407828
-0.080462806,0.0024615005,0.0136,0.0112,0.012,0.4032,0.020800000000000003,0.0152,0.0136,0.30305317,0.031083517,0.27198762,0.03367295,0.0022659637,0.0216,0.008,0.02,0.4184,0.041600000000000005,0.0128,0.0224,0.37714168,0.024307841,0.35337123,0.0028650528,0.016800000000000002,0.7894335,0.010400000000000001,0.0152,0.39359999999999995,0.0816,0.0136,0.02,0.4811779,0.036253795,0.44510448
-0.08034343,0.0024530776,0.0144,0.0128,0.0112,0.4128,0.0216,0.0144,0.012,0.2339415,0.02939922,0.20498395,0.033696838,0.0022420771,0.024,0.010400000000000001,0.017599999999999998,0.42319999999999997,0.028,0.0136,0.0232,0.3151644,0.025519095,0.29000252,0.0029268116,0.020800000000000003,0.7038988,0.0128,0.0144,0.42,0.0272,0.0152,0.016800000000000002,0.38231212,0.046070375,0.33651042
-0.08037582,0.0022635683,0.0096,0.0072,0.0192,0.4072,0.024,0.008,0.0192,0.31181565,0.01651175,0.29484054,0.0336217,0.0024331696,0.0272,0.0112,0.0144,0.404,0.0296,0.0152,0.017599999999999998,0.32142752,0.030548744,0.29232323,0.0028147297,0.0232,0.9671062,0.0136,0.010400000000000001,0.3968,0.0264,0.016,0.016800000000000002,0.44162685,0.04488462,0.39757198
-0.08035785,0.0023565441,0.0144,0.012,0.010400000000000001,0.39999999999999997,0.0192,0.0128,0.0144,0.20813794,0.028882094,0.17906943,0.03357369,0.0022492707,0.0264,0.0128,0.016800000000000002,0.42319999999999997,0.035199999999999995,0.017599999999999998,0.017599999999999998,0.32288083,0.032134853,0.29215318,0.0027768167,0.020800000000000003,0.7542533,0.0152,0.0128,0.412,0.0232,0.0152,0.017599999999999998,0.37277833,0.045170326,0.32796982
-0.08046214,0.0024608374,0.016,0.0136,0.008799999999999999,0.3736,0.017599999999999998,0.0152,0.012,0.29900682,0.03290733,0.26860696,0.033598047,0.002340868,0.0256,0.0112,0.012,0.38720000000000004,0.028,0.0144,0.02,0.32733783,0.028642377,0.3006686,0.0028377757,0.016,0.5213026,0.0096,0.0128,0.3832,0.0216,0.012,0.017599999999999998,0.42230767,0.03227593,0.39225003
-0.080582194,0.0022480413,0.0136,0.0112,0.010400000000000001,0.40559999999999996,0.0192,0.012,0.0136,0.28974867,0.026789043,0.26445246,0.033627264,0.0023116507,0.0288,0.016,0.0128,0.41759999999999997,0.0272,0.0184,0.016800000000000002,0.35969234,0.037765697,0.3237468,0.0026399263,0.0136,0.5518529,0.0096,0.0184,0.40559999999999996,0.028,0.010400000000000001,0.0192,0.43531126,0.0260897,0.41115615
-0.080689594,0.002022598,0.0128,0.0112,0.0144,0.4024,0.020800000000000003,0.0144,0.0144,0.1915618,0.021932408,0.16926116,0.03364582,0.002293095,0.0272,0.0136,0.012,0.4144,0.0272,0.0152,0.016,0.34994835,0.03239555,0.3198005,0.002650735,0.0144,0.70280385,0.0064,0.0192,0.4016,0.031200000000000002,0.0096,0.020800000000000003,0.37236047,0.023022706,0.3500774
-0.08093767,0.0022706725,0.0072,0.0048,0.017599999999999998,0.4072,0.0272,0.0056,0.0192,0.30927032,0.011560172,0.29884118,0.033713534,0.0022253804,0.032,0.016800000000000002,0.0064,0.4184,0.0232,0.0216,0.0144,0.38508493,0.041474327,0.34763202,0.0027192081,0.0216,0.8879036,0.0152,0.0136,0.4016,0.0264,0.016,0.016800000000000002,0.49389175,0.041905235,0.4549135
-0.081167996,0.0022791028,0.0472,0.010400000000000001,0.0128,0.44480000000000003,0.0224,0.0112,0.016,0.23626408,0.025959473,0.21196637,0.033820212,0.0023506097,0.064,0.0144,0.010400000000000001,0.464,0.0264,0.0152,0.0144,0.28119034,0.030352175,0.24872339,0.0026321777,0.056799999999999996,0.7992301,0.016,0.0136,0.45439999999999997,0.0216,0.016,0.016,0.3662999,0.043837924,0.32273114
-0.08132222,0.0023223832,0.0112,0.0112,0.0128,0.41119999999999995,0.020800000000000003,0.0128,0.016,0.21292037,0.024414096,0.18784602,0.0338441,0.0022107698,0.0248,0.016800000000000002,0.0152,0.35600000000000004,0.024,0.016800000000000002,0.0184,0.34339914,0.031892594,0.3135991,0.0027112574,0.0136,0.54221225,0.0096,0.016,0.39840000000000003,0.0264,0.0128,0.02,0.35958606,0.030576212,0.3282457
-0.0814822,0.0030371025,0.0128,0.0112,0.010400000000000001,0.348,0.0216,0.0128,0.0128,0.2807542,0.035279825,0.24702589,0.033809315,0.0029412732,0.024,0.010400000000000001,0.0136,0.4032,0.0264,0.0144,0.02,0.39742967,0.033276286,0.3665861,0.0033670804,0.0136,0.5175207,0.008799999999999999,0.016800000000000002,0.33999999999999997,0.0256,0.0112,0.020800000000000003,0.4406082,0.035606604,0.406915
-0.08142606,0.0032028593,0.0128,0.0112,0.0144,0.2728,0.02,0.0136,0.0152,0.24586074,0.03837573,0.208693,0.03397814,0.0028884,0.0248,0.0112,0.016,0.42160000000000003,0.0288,0.0128,0.016800000000000002,0.29608858,0.029128684,0.2660566,0.0036697218,0.0216,0.76466835,0.0152,0.0112,0.256,0.0192,0.016,0.0144,0.38239747,0.06376461,0.31935364
-0.08139876,0.0033974573,0.0048,0.0056,0.0192,0.3688,0.0264,0.0072,0.020800000000000003,0.24502161,0.013949733,0.231264,0.033880044,0.0031024516,0.0232,0.0136,0.0152,0.2384,0.0232,0.0136,0.017599999999999998,0.36664805,0.039879233,0.32861537,0.0037247003,0.0152,0.70253474,0.0112,0.016,0.23920000000000002,0.0248,0.0128,0.0184,0.4239134,0.05074514,0.37489
-0.081248105,0.0033577457,0.0112,0.008799999999999999,0.0136,0.3192,0.0232,0.010400000000000001,0.016,0.26739007,0.031808525,0.2358807,0.033894423,0.0029721186,0.0256,0.012,0.0112,0.35600000000000004,0.024,0.0136,0.016800000000000002,0.34380352,0.032261055,0.3131918,0.0036977162,0.0192,0.663176,0.0128,0.012,0.3496,0.0232,0.016,0.016800000000000002,0.42236757,0.05541733,0.36896884
-0.080982715,0.0034252033,0.0128,0.010400000000000001,0.0144,0.40559999999999996,0.0224,0.012,0.0184,0.28514057,0.037717193,0.24752903,0.033875175,0.0031073205,0.0256,0.010400000000000001,0.016800000000000002,0.2704,0.0256,0.0128,0.020800000000000003,0.40253425,0.03136961,0.37366188,0.004080404,0.0184,0.66802543,0.010400000000000001,0.0152,0.41119999999999995,0.028,0.0112,0.017599999999999998,0.4731932,0.0526757,0.42245498
-0.08066585,0.0038849749,0.016800000000000002,0.012,0.0112,0.02,0.0192,0.016,0.0136,0.25086126,0.0572868,0.19172572,0.033901844,0.0031966045,0.0256,0.0096,0.0192,0.3832,0.0296,0.0112,0.0216,0.29000142,0.028660934,0.26078117,0.004334019,0.016800000000000002,0.45923737,0.010400000000000001,0.016,0.12480000000000001,0.028,0.012,0.0192,0.3534171,0.052427027,0.298918
-0.08042864,0.0042025074,0.016,0.0128,0.0128,0.1336,0.02,0.0136,0.0144,0.3383395,0.06064002,0.2780945,0.033790763,0.0034236386,0.0272,0.010400000000000001,0.016,0.3952,0.0288,0.0136,0.02,0.39221102,0.038135156,0.35730904,0.004554969,0.020800000000000003,0.64211243,0.0144,0.0152,0.020800000000000003,0.024,0.016,0.0184,0.50584394,0.07527793,0.43257785
-0.080120206,0.004226923,0.016,0.0136,0.012,0.15760000000000002,0.02,0.0136,0.0144,0.32358965,0.06035165,0.26423222,0.033745077,0.0037012324,0.0304,0.0128,0.0128,0.38239999999999996,0.0248,0.016800000000000002,0.016800000000000002,0.349136,0.049275547,0.30113134,0.0047313133,0.0216,0.75357985,0.0128,0.0144,0.0192,0.0232,0.0152,0.016,0.47487342,0.07306758,0.40376544
-0.07986258,0.0044130906,0.010400000000000001,0.010400000000000001,0.0136,0.40480000000000005,0.0216,0.0128,0.0152,0.27859527,0.047828585,0.23088746,0.0337147,0.0037316084,0.0216,0.0096,0.017599999999999998,0.12319999999999999,0.0272,0.012,0.0192,0.37667024,0.040689565,0.3364344,0.004973141,0.0192,0.81399584,0.016,0.0136,0.0232,0.0216,0.016800000000000002,0.0152,0.4651362,0.083014995,0.38294217
-0.07977559,0.0047698915,0.0136,0.0112,0.0144,0.017599999999999998,0.020800000000000003,0.0144,0.017599999999999998,0.3079849,0.059231278,0.25117928,0.03367063,0.003891632,0.028,0.012,0.016,0.1472,0.0248,0.0152,0.016800000000000002,0.41308945,0.047502756,0.37030268,0.005189911,0.016800000000000002,0.50264,0.0128,0.0152,0.0192,0.0272,0.0136,0.0184,0.4688934,0.069458075,0.4028171
-0.07971369,0.0047079884,0.0136,0.008799999999999999,0.017599999999999998,0.0152,0.0256,0.010400000000000001,0.02,0.3614188,0.05163303,0.309384,0.033717476,0.0038447883,0.0328,0.0136,0.0128,0.3712,0.0216,0.016800000000000002,0.016,0.3488508,0.05432175,0.29678774,0.005232889,0.024,0.6182683,0.016800000000000002,0.0136,0.024,0.0216,0.017599999999999998,0.016800000000000002,0.4967168,0.09761081,0.39969537
-0.07976273,0.0048679784,0.0144,0.010400000000000001,0.016,0.19360000000000002,0.024,0.012,0.017599999999999998,0.45578122,0.061550725,0.39797708,0.033653244,0.0037930645,0.0288,0.012,0.017599999999999998,0.41759999999999997,0.0272,0.0136,0.0192,0.4260094,0.04343972,0.38333857,0.0054373555,0.0192,0.50560904,0.0136,0.016,0.0192,0.0256,0.0144,0.0192,0.6050873,0.08131167,0.5280539
-0.07978691,0.00511406,0.0136,0.0096,0.0184,0.0152,0.0232,0.012,0.020800000000000003,0.35764456,0.057315767,0.30239218,0.033724666,0.003953552,0.0328,0.0152,0.0144,0.33599999999999997,0.0232,0.016,0.016,0.38983947,0.056230083,0.33429784,0.005347325,0.020800000000000003,0.5497889,0.0128,0.016,0.053599999999999995,0.0248,0.0152,0.0184,0.5086341,0.08928068,0.4230395
-0.079811096,0.0056929886,0.0136,0.010400000000000001,0.0152,0.016800000000000002,0.0232,0.012,0.0184,0.37400675,0.06527142,0.30910188,0.03372977,0.0040644035,0.028,0.0096,0.017599999999999998,0.268,0.0264,0.012,0.02,0.38937354,0.0389395,0.35331205,0.0059388042,0.0184,0.44511208,0.0128,0.016,0.0216,0.024,0.0144,0.017599999999999998,0.50521266,0.08824919,0.41759092
-0.07986258,0.006188266,0.0144,0.0096,0.016800000000000002,0.016,0.024,0.012,0.0184,0.36868548,0.07122542,0.2988989,0.033805367,0.0043366663,0.0296,0.0112,0.016,0.3776,0.0256,0.012,0.0184,0.41964278,0.0395171,0.38288558,0.006304671,0.0144,0.19246018,0.0096,0.017599999999999998,0.016,0.0256,0.010400000000000001,0.020800000000000003,0.44214514,0.06694283,0.3767521
-0.07997575,0.0064123794,0.012,0.008799999999999999,0.016800000000000002,0.0144,0.024,0.010400000000000001,0.02,0.33462358,0.063234,0.27038437,0.033768963,0.00472093,0.0288,0.010400000000000001,0.016,0.2768,0.024,0.0128,0.0184,0.38386387,0.041940786,0.34420785,0.006599048,0.016800000000000002,0.35372993,0.0112,0.016800000000000002,0.0184,0.0248,0.0136,0.0184,0.44687626,0.08985137,0.35675588
-0.08006917,0.0065058023,0.0152,0.0128,0.012,0.1864,0.0192,0.0152,0.0152,0.37285063,0.094763644,0.27854443,0.033784267,0.00482158,0.028,0.0112,0.0144,0.24480000000000002,0.0232,0.0128,0.017599999999999998,0.36079207,0.045728613,0.31858507,0.0068906527,0.0152,0.33579418,0.010400000000000001,0.0152,0.017599999999999998,0.024,0.0128,0.0184,0.4709144,0.08614904,0.38569617
-0.08008049,0.006295223,0.012,0.0072,0.0192,0.0136,0.0256,0.0096,0.020800000000000003,0.35071728,0.058481038,0.29191455,0.033765946,0.0049558543,0.035199999999999995,0.0152,0.0112,0.2672,0.0184,0.017599999999999998,0.012,0.44074237,0.06998494,0.37928706,0.0067746704,0.0216,0.4947261,0.0136,0.0144,0.0224,0.0216,0.016,0.016,0.51792616,0.11590042,0.40437776
-0.08019964,0.006303422,0.0136,0.0112,0.0136,0.016800000000000002,0.0224,0.0128,0.016800000000000002,0.4343056,0.08008678,0.35564315,0.033803284,0.0048025623,0.0264,0.008,0.017599999999999998,0.3776,0.0256,0.012,0.02,0.3760964,0.03197927,0.34676018,0.0067444486,0.020800000000000003,0.5503193,0.0136,0.0144,0.0232,0.0216,0.016,0.0152,0.5668668,0.115327425,0.4554682
-0.08015815,0.0062619373,0.0136,0.0112,0.0136,0.016800000000000002,0.0224,0.0128,0.017599999999999998,0.31155348,0.08026913,0.23211437,0.033899523,0.0045903698,0.0264,0.0096,0.016,0.17200000000000001,0.0264,0.010400000000000001,0.0192,0.3828824,0.03471701,0.34786445,0.0064460174,0.02,0.51929,0.0144,0.0136,0.020800000000000003,0.0224,0.016800000000000002,0.016,0.4604926,0.11174811,0.34901515
-0.080269985,0.0063737705,0.0136,0.0096,0.0152,0.0152,0.0248,0.0112,0.0192,0.34816295,0.07207398,0.2757136,0.033935472,0.0044384673,0.0264,0.008,0.02,0.2104,0.0264,0.010400000000000001,0.0224,0.35789,0.024370348,0.33562702,0.006575465,0.016800000000000002,0.30960718,0.0112,0.016800000000000002,0.017599999999999998,0.0248,0.0128,0.0184,0.4406525,0.08840462,0.35249862
-0.08049898,0.006380871,0.0144,0.0128,0.0136,0.0184,0.0216,0.0136,0.016800000000000002,0.39065123,0.08955939,0.30155963,0.03401223,0.0047095716,0.031200000000000002,0.0144,0.0112,0.38,0.0224,0.016800000000000002,0.0144,0.37059352,0.0651688,0.30577558,0.006632817,0.0144,0.27650604,0.010400000000000001,0.016800000000000002,0.0184,0.0248,0.0128,0.02,0.47698295,0.083564594,0.3938712
-0.08081562,0.006364666,0.0152,0.012,0.0128,0.017599999999999998,0.02,0.0144,0.0152,0.37572262,0.08786602,0.28951567,0.034027305,0.0046944954,0.0264,0.0096,0.017599999999999998,0.0504,0.0272,0.0112,0.0192,0.3500089,0.03409478,0.31731007,0.006715924,0.0152,0.32485285,0.010400000000000001,0.016,0.017599999999999998,0.0256,0.012,0.0192,0.4677836,0.07998531,0.3898604
-0.08117155,0.0058330074,0.0144,0.0112,0.016800000000000002,0.016800000000000002,0.0248,0.012,0.017599999999999998,0.431316,0.0714877,0.35964328,0.034015015,0.004358925,0.0296,0.012,0.016800000000000002,0.016800000000000002,0.0264,0.0128,0.0184,0.40896955,0.043819286,0.3675742,0.006294106,0.0192,0.47018054,0.0128,0.016,0.0184,0.0256,0.0144,0.02,0.56979495,0.09373,0.4751636
-0.08137947,0.0057080835,0.0144,0.0112,0.0136,0.017599999999999998,0.0232,0.0136,0.017599999999999998,0.39387834,0.07134712,0.32409176,0.034123085,0.0043668076,0.0272,0.0096,0.0184,0.30479999999999996,0.0272,0.012,0.0216,0.48155373,0.04017087,0.44618794,0.0061166347,0.0232,0.6920216,0.0152,0.0144,0.0232,0.0256,0.017599999999999998,0.017599999999999998,0.61054665,0.111613125,0.5036458
-0.08165218,0.005426049,0.0136,0.0096,0.016800000000000002,0.0152,0.0248,0.0112,0.02,0.39204127,0.06284149,0.33113056,0.034215845,0.004274048,0.032,0.0152,0.0136,0.020800000000000003,0.0248,0.016,0.016800000000000002,0.4431769,0.06289324,0.38230133,0.0059764264,0.0224,0.6179166,0.0152,0.0152,0.024,0.024,0.017599999999999998,0.017599999999999998,0.57629716,0.106157295,0.47254795
-0.0819695,0.0051886253,0.017599999999999998,0.0136,0.0136,0.0216,0.0216,0.0152,0.0152,0.36287144,0.08064335,0.279882,0.034161583,0.0040964037,0.031200000000000002,0.0136,0.0144,0.1952,0.028,0.016800000000000002,0.0184,0.42195287,0.05818446,0.36513573,0.0058376417,0.0224,0.6218548,0.016,0.0152,0.0264,0.0256,0.016800000000000002,0.0184,0.5407477,0.099732146,0.4387236
-0.082091086,0.004755471,0.0144,0.0128,0.0144,0.02,0.0232,0.0152,0.016,0.37827656,0.06817958,0.31237316,0.034224425,0.004033562,0.032,0.016,0.012,0.1008,0.020800000000000003,0.0192,0.0144,0.4610932,0.0754209,0.39082542,0.0054954616,0.0192,0.6006527,0.0144,0.0152,0.0232,0.0272,0.016800000000000002,0.0184,0.57266676,0.08891427,0.4872235
-0.08221313,0.0043227747,0.016,0.0136,0.012,0.0184,0.0224,0.0144,0.0144,0.38227648,0.06204688,0.3205891,0.034222804,0.0034554135,0.0264,0.0096,0.017599999999999998,0.4072,0.0296,0.0136,0.0216,0.36884868,0.037383396,0.33104786,0.004699814,0.0184,0.51037437,0.0128,0.017599999999999998,0.284,0.0256,0.0144,0.020800000000000003,0.5137438,0.07006826,0.44432428
-0.082031175,0.0043627173,0.0128,0.010400000000000001,0.0152,0.016800000000000002,0.0248,0.012,0.0192,0.402133,0.047059007,0.35664412,0.03423417,0.0033280943,0.0264,0.012,0.016800000000000002,0.3624,0.0264,0.0136,0.0216,0.41714022,0.040834785,0.37771606,0.0045688553,0.0128,0.3015344,0.008799999999999999,0.0192,0.2856,0.0296,0.012,0.0232,0.50787425,0.04511596,0.46443766
-0.081921116,0.0040307604,0.0496,0.0112,0.0144,0.1416,0.024,0.012,0.0192,0.39070636,0.054748714,0.33489928,0.034174334,0.003387928,0.064,0.010400000000000001,0.016,0.3344,0.024,0.016,0.02,0.36937198,0.034837194,0.34200698,0.0043174415,0.053599999999999995,0.54233533,0.0128,0.017599999999999998,0.020800000000000003,0.0304,0.0136,0.02,0.525289,0.06328617,0.46495068
-0.08154788,0.0037684701,0.0152,0.0112,0.0136,0.3728,0.024,0.0144,0.016800000000000002,0.2612217,0.05029882,0.21484527,0.034091543,0.0034707207,0.028,0.012,0.016,0.3144,0.0288,0.0144,0.0216,0.38891032,0.042858765,0.3560955,0.004185784,0.020800000000000003,0.652978,0.0144,0.016,0.19920000000000002,0.0296,0.016,0.0192,0.44376683,0.06965414,0.38352978
-0.081357054,0.0032448024,0.0152,0.010400000000000001,0.0136,0.19360000000000002,0.0224,0.012,0.017599999999999998,0.38083285,0.039572462,0.34355414,0.034019887,0.002962608,0.0264,0.010400000000000001,0.020800000000000003,0.424,0.031200000000000002,0.0128,0.0224,0.4179526,0.03132477,0.38687706,0.0036572008,0.016,0.47947645,0.0096,0.020800000000000003,0.3008,0.032,0.0112,0.024,0.5306965,0.040182166,0.4926721
-0.0810768,0.003186442,0.016800000000000002,0.0136,0.0112,0.3992,0.02,0.016,0.0144,0.33806494,0.04871978,0.28935856,0.03387564,0.002874948,0.0328,0.016800000000000002,0.0112,0.3992,0.0224,0.02,0.0144,0.42027283,0.055026136,0.37052885,0.003737143,0.0232,0.8304916,0.0152,0.0144,0.40559999999999996,0.0256,0.016,0.017599999999999998,0.53830105,0.065330714,0.47586295
-0.080952756,0.0029514506,0.0136,0.0128,0.0144,0.39840000000000003,0.0232,0.0136,0.017599999999999998,0.33223474,0.035973255,0.29795167,0.033837143,0.0029134452,0.0256,0.010400000000000001,0.0144,0.41759999999999997,0.0328,0.0144,0.020800000000000003,0.36507982,0.03096328,0.3358596,0.0036037157,0.02,0.66289276,0.0152,0.0144,0.3464,0.0288,0.0152,0.017599999999999998,0.48654246,0.05495025,0.43521374
-0.08067383,0.0028944202,0.0128,0.0096,0.0152,0.3832,0.0264,0.010400000000000001,0.017599999999999998,0.32418722,0.030334145,0.29534063,0.033822067,0.0026966147,0.0264,0.012,0.016,0.4184,0.0296,0.012,0.0224,0.3690831,0.030083962,0.34218192,0.0034288096,0.0264,0.90505314,0.017599999999999998,0.010400000000000001,0.2552,0.024,0.0184,0.0152,0.49050057,0.06846954,0.42630917
-0.08060971,0.0028303005,0.048,0.008,0.0152,0.436,0.024,0.012,0.02,0.30250758,0.029801063,0.2764347,0.03377082,0.0027478635,0.06319999999999999,0.012,0.0152,0.45439999999999997,0.031200000000000002,0.0128,0.017599999999999998,0.35522342,0.032251522,0.3286701,0.0033072908,0.0584,0.8120084,0.0136,0.0136,0.4496,0.0304,0.016,0.016800000000000002,0.46591318,0.056652635,0.41587943
-0.080575086,0.002684731,0.0136,0.010400000000000001,0.016,0.3736,0.0232,0.0112,0.016800000000000002,0.33955574,0.03044046,0.3097106,0.033747163,0.002423659,0.0256,0.010400000000000001,0.0192,0.42319999999999997,0.0296,0.012,0.0216,0.36832753,0.025725918,0.34351355,0.0033239669,0.0192,0.63057643,0.0112,0.016,0.3656,0.028,0.0144,0.02,0.49142474,0.044382937,0.4481346
-0.08062702,0.0029585585,0.010400000000000001,0.0096,0.010400000000000001,0.3864,0.024,0.012,0.017599999999999998,0.2904138,0.026589755,0.26445186,0.033670403,0.0027323253,0.0256,0.0136,0.008799999999999999,0.39280000000000004,0.0272,0.0136,0.017599999999999998,0.3813704,0.038154222,0.34612054,0.0032531926,0.0136,0.63154167,0.0096,0.0184,0.3712,0.0296,0.012,0.020800000000000003,0.45955548,0.034433305,0.42699787
-0.08058663,0.0025853217,0.012,0.0096,0.0112,0.372,0.024,0.0096,0.0152,0.28685814,0.026020765,0.26233852,0.03374229,0.0024285316,0.0232,0.0112,0.0184,0.42319999999999997,0.035199999999999995,0.0128,0.0216,0.37743318,0.024162015,0.35470632,0.0031488044,0.017599999999999998,0.72185934,0.010400000000000001,0.0184,0.3776,0.0304,0.0136,0.02,0.46471035,0.03913937,0.4273724
-0.08056977,0.0024575144,0.016800000000000002,0.0136,0.008,0.3408,0.0184,0.016800000000000002,0.0128,0.29163325,0.035853088,0.25823778,0.03365486,0.002400007,0.0256,0.0136,0.0184,0.42160000000000003,0.032,0.0144,0.0192,0.36485222,0.027288131,0.3394584,0.0029261203,0.016800000000000002,0.5737818,0.010400000000000001,0.016,0.4128,0.028,0.0128,0.0184,0.4429756,0.034810454,0.41014478
-0.08054602,0.0024337657,0.0096,0.0048,0.0184,0.4016,0.0264,0.0056,0.0184,0.25274327,0.014892861,0.23876375,0.033669244,0.0023856238,0.0272,0.012,0.016800000000000002,0.4224,0.0264,0.0144,0.0192,0.3526707,0.028352415,0.32495785,0.002784078,0.0272,1.0291889,0.017599999999999998,0.010400000000000001,0.4184,0.0248,0.020800000000000003,0.0136,0.43248957,0.052367613,0.3815751
-0.08053315,0.0021989942,0.012,0.0072,0.0136,0.4096,0.0224,0.0112,0.0144,0.2360953,0.01967112,0.217345,0.033586454,0.0022365078,0.0248,0.0096,0.016800000000000002,0.42319999999999997,0.0288,0.012,0.0224,0.3724409,0.02445778,0.3513374,0.002815481,0.0192,0.73529804,0.0096,0.0152,0.4168,0.028,0.0144,0.016,0.424932,0.03524096,0.3917894
-0.08050164,0.002278436,0.0112,0.008799999999999999,0.0136,0.4096,0.0232,0.010400000000000001,0.016,0.24352983,0.021136105,0.2240029,0.03357787,0.0021291375,0.024,0.0112,0.017599999999999998,0.42319999999999997,0.0288,0.0136,0.020800000000000003,0.3494273,0.022826625,0.32832378,0.0025795074,0.0232,0.89539003,0.016800000000000002,0.012,0.4224,0.0224,0.0184,0.016,0.42496997,0.046733547,0.38068086
-0.08042975,0.0023174956,0.0136,0.010400000000000001,0.012,0.408,0.02,0.0136,0.0136,0.24153785,0.026527371,0.21546496,0.033561174,0.0021458343,0.0216,0.0112,0.02,0.40559999999999996,0.031200000000000002,0.0136,0.0232,0.37238544,0.020368623,0.35522434,0.0027337887,0.0144,0.5591209,0.008799999999999999,0.0152,0.4088,0.031200000000000002,0.0112,0.0232,0.40228546,0.027718911,0.3759285
-0.08048388,0.0022606812,0.0128,0.0112,0.012,0.40559999999999996,0.02,0.0112,0.0152,0.28879315,0.025741745,0.2647173,0.033544477,0.0022784844,0.024,0.0112,0.016,0.4072,0.032,0.0136,0.0192,0.36067343,0.02626345,0.3401497,0.0026643411,0.02,0.8759256,0.0128,0.012,0.3992,0.0264,0.0152,0.0184,0.46195668,0.04058153,0.42776006
-0.080444165,0.0023319125,0.012,0.010400000000000001,0.010400000000000001,0.392,0.020800000000000003,0.0136,0.0136,0.21129632,0.024882354,0.18555626,0.033518273,0.002304688,0.0256,0.0112,0.012,0.4224,0.0288,0.0152,0.0144,0.38519537,0.030847264,0.35910589,0.0026534747,0.016800000000000002,0.65147835,0.0128,0.0144,0.4096,0.0232,0.0136,0.016,0.40158844,0.035978816,0.36674058
-0.0804617,0.0022385009,0.008799999999999999,0.008,0.0144,0.4072,0.0232,0.008799999999999999,0.0184,0.18218327,0.01552574,0.16698332,0.033644427,0.0022944883,0.0264,0.0136,0.0112,0.396,0.02,0.016,0.0152,0.3373117,0.031192012,0.30716383,0.0026477035,0.02,0.825982,0.0136,0.016,0.4184,0.0216,0.016,0.016800000000000002,0.37148649,0.04043228,0.33251813
-0.08075282,0.0023077205,0.012,0.012,0.0112,0.4016,0.0184,0.0136,0.0136,0.20935023,0.026627518,0.1820569,0.03361683,0.0020901784,0.024,0.0128,0.016800000000000002,0.4208,0.028,0.0152,0.0184,0.319281,0.032325566,0.28843743,0.0028773232,0.0152,0.70211446,0.0112,0.0152,0.40480000000000005,0.0272,0.0144,0.016,0.36603674,0.035078354,0.3313928
-0.08092413,0.0022571348,0.0512,0.0184,0.0064,0.4488,0.0184,0.0184,0.008,0.25551334,0.039721277,0.21767992,0.03365695,0.0022819638,0.0608,0.010400000000000001,0.0112,0.4584,0.0264,0.016,0.016800000000000002,0.3066982,0.03034277,0.27655032,0.0027549497,0.056799999999999996,0.9046761,0.0144,0.0128,0.45439999999999997,0.0248,0.016,0.0144,0.3990258,0.047546715,0.3519006
-0.08102643,0.0029141754,0.0112,0.008799999999999999,0.0152,0.3952,0.0216,0.012,0.016800000000000002,0.27620766,0.029592637,0.24591872,0.033770356,0.0029802322,0.0248,0.008799999999999999,0.0152,0.3176,0.024,0.0128,0.0192,0.37319386,0.030236179,0.34594482,0.0034279062,0.0256,1.053993,0.016800000000000002,0.0096,0.3184,0.0184,0.0184,0.0144,0.46093106,0.063826896,0.39969927
-0.08128516,0.0031729043,0.0128,0.012,0.0112,0.364,0.016800000000000002,0.0128,0.0144,0.25811952,0.040448233,0.21928753,0.033787053,0.002847582,0.0288,0.016,0.012,0.3944,0.017599999999999998,0.02,0.0136,0.317305,0.04975416,0.26790887,0.0037801827,0.016800000000000002,0.7641785,0.0112,0.0128,0.308,0.0248,0.012,0.016,0.40590698,0.047935504,0.35911515
-0.081364594,0.0034742355,0.012,0.008799999999999999,0.012,0.38799999999999996,0.0224,0.010400000000000001,0.016,0.25257084,0.03491655,0.21817681,0.03389721,0.002969332,0.0264,0.0128,0.012,0.4128,0.0256,0.0152,0.0152,0.343683,0.038040053,0.30843318,0.0037615357,0.02,0.77108717,0.0128,0.0136,0.1616,0.020800000000000003,0.0144,0.016800000000000002,0.42065,0.05714688,0.3659228
-0.08150572,0.0033934712,0.0128,0.010400000000000001,0.012,0.3256,0.017599999999999998,0.0144,0.0128,0.24902359,0.040537905,0.2085274,0.033932686,0.002933856,0.024,0.010400000000000001,0.016800000000000002,0.368,0.0232,0.0112,0.0192,0.2958595,0.032010194,0.2642042,0.0036337632,0.016,0.6236696,0.012,0.0144,0.3136,0.024,0.012,0.017599999999999998,0.37492985,0.04673045,0.329148
-0.081363484,0.0034731291,0.010400000000000001,0.012,0.0112,0.016,0.02,0.0136,0.0144,0.20880087,0.039381336,0.16830468,0.033980694,0.003117755,0.0192,0.008799999999999999,0.02,0.31039999999999995,0.028,0.0096,0.0216,0.3835743,0.027285231,0.3609634,0.0041954867,0.0192,0.8377228,0.0144,0.012,0.092,0.024,0.016800000000000002,0.0152,0.4247627,0.06862965,0.35836646
-0.08129469,0.0041809753,0.016,0.0112,0.0128,0.196,0.0216,0.0128,0.0128,0.3678969,0.0552167,0.31586206,0.033978608,0.00369961,0.0272,0.008,0.0152,0.33840000000000003,0.028,0.012,0.020800000000000003,0.36078823,0.034415405,0.3275096,0.004569704,0.016,0.41545328,0.0096,0.016800000000000002,0.196,0.028,0.0112,0.0216,0.48221704,0.05015082,0.435451
-0.081090994,0.004532017,0.012,0.0112,0.0136,0.136,0.020800000000000003,0.0128,0.016,0.24763195,0.05233655,0.19493145,0.03391715,0.0036451127,0.0264,0.0128,0.0152,0.35359999999999997,0.0232,0.0144,0.016,0.3211912,0.04654229,0.27643317,0.0048475983,0.02,0.6845737,0.0144,0.012,0.0216,0.0216,0.016,0.0152,0.3949406,0.08468317,0.311233
-0.08067029,0.0044441596,0.0152,0.0112,0.0144,0.0192,0.020800000000000003,0.0136,0.0152,0.22024259,0.06036321,0.15944284,0.03393849,0.0037397277,0.032,0.016,0.012,0.3864,0.0192,0.0184,0.0136,0.32791266,0.05543486,0.27492198,0.004948221,0.0184,0.54853565,0.012,0.016,0.016800000000000002,0.0256,0.0144,0.0184,0.35891676,0.06784092,0.2917767
-0.08046991,0.0045766234,0.0136,0.0112,0.0136,0.016800000000000002,0.0232,0.012,0.017599999999999998,0.28530097,0.05528003,0.2290501,0.033809546,0.0036367625,0.024,0.008799999999999999,0.0184,0.3608,0.0296,0.010400000000000001,0.0232,0.35504988,0.027587622,0.32907635,0.004852072,0.016,0.4017854,0.012,0.0152,0.4096,0.0256,0.0136,0.020800000000000003,0.40142742,0.06412749,0.33700585
-0.080176115,0.004726626,0.0144,0.010400000000000001,0.0136,0.016,0.0216,0.0128,0.017599999999999998,0.2484665,0.060559627,0.18744487,0.033779863,0.0038983542,0.0328,0.016,0.0112,0.0216,0.0216,0.0192,0.0144,0.3624697,0.06312731,0.3022899,0.00533313,0.02,0.5648512,0.0144,0.0144,0.02,0.024,0.0152,0.016800000000000002,0.40389824,0.08275143,0.3220502
-0.08000903,0.005003333,0.0136,0.012,0.0144,0.19920000000000002,0.0224,0.0128,0.017599999999999998,0.37478343,0.06286694,0.31220844,0.033721186,0.003841078,0.0264,0.0096,0.0184,0.3776,0.0256,0.0112,0.0216,0.41448057,0.036891606,0.37818724,0.0053177187,0.02,0.57982284,0.0136,0.0144,0.20559999999999998,0.0248,0.016,0.017599999999999998,0.5406126,0.09040203,0.451508
-0.07971302,0.0053730085,0.0136,0.0112,0.0144,0.017599999999999998,0.0224,0.012,0.016,0.30677065,0.063825965,0.24175489,0.03370101,0.004093161,0.0288,0.012,0.0144,0.40480000000000005,0.024,0.0136,0.0192,0.39076847,0.046242345,0.3455467,0.005504146,0.0136,0.21872613,0.0096,0.016,0.016800000000000002,0.0248,0.0112,0.02,0.38425314,0.06089884,0.3221199
-0.0796196,0.005279593,0.0152,0.012,0.0136,0.3728,0.020800000000000003,0.0136,0.0184,0.3504329,0.07335182,0.2794259,0.033719797,0.0045381896,0.0296,0.0112,0.0144,0.33599999999999997,0.0256,0.0136,0.016800000000000002,0.40868056,0.045234174,0.36542997,0.0057419017,0.0216,0.60434854,0.0144,0.0144,0.0224,0.0224,0.016,0.017599999999999998,0.5205845,0.09766923,0.42595413
-0.07967885,0.005782634,0.0136,0.0112,0.0144,0.1896,0.020800000000000003,0.0128,0.017599999999999998,0.33007455,0.06934727,0.2597332,0.033635385,0.004274739,0.033600000000000005,0.016800000000000002,0.010400000000000001,0.3624,0.0184,0.0184,0.0128,0.344323,0.072166115,0.27289572,0.005971975,0.0136,0.25248346,0.008799999999999999,0.0184,0.1896,0.0256,0.012,0.02,0.40562463,0.06514189,0.33962807
-0.07969638,0.006022062,0.0144,0.0128,0.0136,0.0192,0.0216,0.0144,0.016800000000000002,0.37850535,0.08498703,0.2927422,0.033673186,0.0049326606,0.0304,0.0136,0.0136,0.1872,0.0216,0.0144,0.0152,0.380211,0.05989223,0.3217705,0.0066117803,0.016800000000000002,0.42555925,0.012,0.0152,0.02,0.0248,0.0144,0.0184,0.50170827,0.091755785,0.4089898
-0.07968262,0.0064520985,0.0136,0.012,0.0136,0.016800000000000002,0.020800000000000003,0.0136,0.016,0.22261809,0.0835018,0.13740966,0.03374763,0.004510358,0.0296,0.0128,0.0144,0.0192,0.0216,0.0152,0.0144,0.3493089,0.05579976,0.29933298,0.0066503063,0.0136,0.24475911,0.010400000000000001,0.016800000000000002,0.016800000000000002,0.024,0.012,0.0184,0.30062854,0.07776117,0.22178106
-0.07984061,0.0063881874,0.012,0.010400000000000001,0.016,0.016,0.0224,0.012,0.0184,0.3467681,0.072967455,0.27398592,0.033721887,0.00488396,0.0288,0.0136,0.0144,0.25279999999999997,0.0232,0.0136,0.016800000000000002,0.35864326,0.05082466,0.3091312,0.0066347886,0.0152,0.37804607,0.0112,0.016800000000000002,0.0184,0.0248,0.0128,0.0184,0.4546591,0.08748227,0.36772782
-0.07990074,0.006448325,0.0128,0.012,0.0136,0.0184,0.0216,0.0136,0.016800000000000002,0.35292536,0.0828696,0.27071255,0.033731163,0.004642777,0.0264,0.0112,0.016800000000000002,0.17679999999999998,0.0232,0.0128,0.0184,0.43296978,0.05012896,0.38844365,0.006623227,0.0128,0.23032334,0.010400000000000001,0.016800000000000002,0.0184,0.024,0.012,0.0192,0.4424492,0.07892459,0.36486927
-0.080061175,0.006275911,0.0152,0.0128,0.0136,0.0184,0.02,0.0144,0.016,0.40801355,0.09283657,0.31625918,0.03377337,0.0046005696,0.031200000000000002,0.0152,0.012,0.02,0.0224,0.016,0.0152,0.38960257,0.061497472,0.32907492,0.0066470923,0.0192,0.4644128,0.0144,0.0136,0.0216,0.0232,0.016,0.016,0.5393008,0.11000821,0.43040612
-0.08003322,0.006137006,0.0096,0.008,0.0192,0.0144,0.0256,0.0096,0.02,0.3584251,0.050899666,0.30683404,0.03377105,0.0046028905,0.0264,0.0112,0.017599999999999998,0.39840000000000003,0.0264,0.012,0.020800000000000003,0.36212385,0.03802901,0.32525072,0.006472127,0.0184,0.45832765,0.0136,0.0152,0.020800000000000003,0.024,0.016,0.016800000000000002,0.48165464,0.10407405,0.37782395
-0.080032334,0.006025173,0.0112,0.0112,0.0144,0.016800000000000002,0.0224,0.0128,0.0192,0.36330807,0.06837584,0.2969609,0.03386335,0.0047424957,0.031200000000000002,0.016,0.010400000000000001,0.0224,0.0192,0.017599999999999998,0.0128,0.3964428,0.07654079,0.32362407,0.006446832,0.0192,0.58928937,0.0152,0.0128,0.0224,0.0224,0.016800000000000002,0.016800000000000002,0.5223622,0.11251748,0.41281757
-0.08015193,0.005811926,0.0136,0.0112,0.016800000000000002,0.017599999999999998,0.0224,0.0128,0.0184,0.33717254,0.0742831,0.2639465,0.033813257,0.004560683,0.0328,0.016,0.012,0.3272,0.0216,0.017599999999999998,0.0128,0.407461,0.07103446,0.33962825,0.006314769,0.0184,0.48380715,0.0136,0.016,0.020800000000000003,0.0256,0.0144,0.017599999999999998,0.48800695,0.09694466,0.39326417
-0.080321684,0.005759783,0.0152,0.0112,0.0152,0.2408,0.0232,0.0128,0.017599999999999998,0.3467731,0.076706044,0.26955295,0.033822067,0.004319966,0.0272,0.008799999999999999,0.017599999999999998,0.42160000000000003,0.0296,0.012,0.0224,0.39934695,0.03521557,0.36630026,0.006025315,0.0152,0.29798287,0.010400000000000001,0.0184,0.016800000000000002,0.028,0.012,0.020800000000000003,0.4487363,0.07104015,0.37750652
-0.080500536,0.0057167374,0.0136,0.008799999999999999,0.017599999999999998,0.0144,0.0248,0.010400000000000001,0.0216,0.34744158,0.0619029,0.2858652,0.033895813,0.0043621734,0.033600000000000005,0.0144,0.0136,0.248,0.024,0.016800000000000002,0.016800000000000002,0.38044718,0.060880296,0.32107908,0.006152784,0.0192,0.37874287,0.0128,0.016,0.0184,0.0256,0.0144,0.0192,0.46348986,0.09219416,0.37164694
-0.080714226,0.0053756833,0.016,0.010400000000000001,0.016800000000000002,0.2488,0.0248,0.0128,0.0192,0.35071862,0.06712842,0.2820416,0.03391089,0.004347097,0.0288,0.008,0.0192,0.42,0.0296,0.0112,0.0216,0.4841646,0.037990995,0.44903073,0.0056845457,0.0192,0.38672712,0.0128,0.0184,0.2216,0.0272,0.0136,0.02,0.5074247,0.08170569,0.4248515
-0.08097694,0.005305551,0.0152,0.0112,0.016,0.017599999999999998,0.0232,0.0136,0.017599999999999998,0.35137063,0.071404174,0.27869937,0.034006897,0.0043670423,0.031200000000000002,0.0144,0.0136,0.2952,0.028,0.016,0.016,0.41668123,0.059463076,0.3633427,0.005707338,0.0216,0.6215711,0.0152,0.0152,0.0216,0.024,0.016800000000000002,0.0192,0.52829087,0.09873059,0.43086687
-0.0812663,0.00060223043,-0.1984,0.17200000000000001,0.0008,0.196,0.0016,0.1952,0.0008,-0.05924375,0.0,-0.047594137,0.03405212,0.0004953556,-0.2488,0.1512,0.0008,0.1512,0.0008,0.1512,0.0008,-0.0106643215,0.0,-0.014490783,0.0007752849,1.3976,2.7948787,1.6944000000000001,0.0024,1.7975999999999999,0.0048,1.744,0.0032,0.052094586,0.083143815,0.020470992
-0.08161224,0.004720416,0.016800000000000002,0.0112,0.016800000000000002,0.016800000000000002,0.0264,0.012,0.017599999999999998,0.37839314,0.059963934,0.3212547,0.03412819,0.0038978904,0.0304,0.012,0.017599999999999998,0.192,0.031200000000000002,0.0136,0.0192,0.42716944,0.042370215,0.38693357,0.0053615095,0.0216,0.53604865,0.012,0.017599999999999998,0.0216,0.028,0.0152,0.0224,0.543491,0.07883579,0.46772045
-0.081856094,0.004187636,0.012,0.008,0.016800000000000002,0.3216,0.0248,0.0096,0.020800000000000003,0.31863856,0.039404396,0.27914092,0.034187786,0.0036063865,0.033600000000000005,0.017599999999999998,0.012,0.4144,0.0256,0.02,0.0144,0.3893142,0.06728593,0.32345265,0.004671911,0.020800000000000003,0.6412455,0.0144,0.016,0.224,0.0272,0.0152,0.0192,0.48822683,0.075578935,0.41382277
-0.082046926,0.004156567,0.0512,0.0128,0.0144,0.3968,0.0224,0.0144,0.017599999999999998,0.40750873,0.060654815,0.35025936,0.034177583,0.0035006348,0.06319999999999999,0.0136,0.0184,0.1096,0.0304,0.0144,0.020800000000000003,0.41493946,0.044063464,0.37470365,0.004742193,0.0552,0.63289315,0.0128,0.017599999999999998,0.3976,0.0288,0.0152,0.02,0.5740107,0.072751366,0.5068981
-0.0821104,0.0039981455,0.0136,0.0112,0.016800000000000002,0.3712,0.0248,0.0128,0.0184,0.3095525,0.049772896,0.25951475,0.034160882,0.0035173353,0.0272,0.0112,0.017599999999999998,0.34400000000000003,0.028,0.0144,0.0216,0.39697066,0.04398773,0.35221267,0.004397726,0.0184,0.6296649,0.0128,0.016,0.3016,0.031200000000000002,0.0144,0.02,0.4839537,0.06546173,0.4174135
-0.082043156,0.0038199537,0.0152,0.0112,0.0128,0.0824,0.0224,0.0128,0.016,0.29994705,0.050389435,0.24946547,0.034124244,0.0033220649,0.0272,0.0128,0.0192,0.36160000000000003,0.033600000000000005,0.0144,0.020800000000000003,0.4148237,0.040247433,0.37551552,0.004197922,0.016800000000000002,0.54117465,0.010400000000000001,0.02,0.24480000000000002,0.0296,0.012,0.0224,0.47077942,0.05293086,0.41758057
-0.08193798,0.0033819377,0.0136,0.0096,0.0144,0.41119999999999995,0.0224,0.0128,0.0152,0.36463842,0.03874261,0.32780355,0.03403635,0.0029461458,0.0224,0.0096,0.0216,0.41600000000000004,0.032,0.0112,0.024,0.4563953,0.025906831,0.43169722,0.0038602508,0.0224,0.8682519,0.0144,0.0144,0.1744,0.032,0.016,0.02,0.5839365,0.06597652,0.52042365
-0.08165395,0.0030979067,0.0096,0.0064,0.0184,0.3056,0.0264,0.008799999999999999,0.020800000000000003,0.34388718,0.02419388,0.32080993,0.03404493,0.0029375665,0.031200000000000002,0.016,0.0128,0.4072,0.028,0.020800000000000003,0.016,0.37018543,0.052645985,0.3218329,0.0036281906,0.02,0.75024015,0.0128,0.016800000000000002,0.3336,0.028,0.016800000000000002,0.020800000000000003,0.50395995,0.056843627,0.45036936
-0.08139012,0.0031669177,0.0152,0.012,0.0128,0.36,0.0224,0.0136,0.016,0.2416518,0.041643046,0.19960234,0.033972114,0.0027784742,0.0296,0.0144,0.0128,0.4064,0.0304,0.016,0.020800000000000003,0.3440907,0.040652532,0.30385485,0.0036109865,0.0152,0.5011662,0.008799999999999999,0.017599999999999998,0.2544,0.0304,0.0112,0.0224,0.37725204,0.038152963,0.33992806
-0.08110298,0.0031016767,0.0144,0.0112,0.0128,0.3912,0.017599999999999998,0.0152,0.0144,0.31798017,0.040075503,0.27748397,0.033888396,0.002630286,0.0256,0.0128,0.0184,0.4128,0.032,0.0152,0.02,0.3588749,0.034309193,0.3271036,0.0034454414,0.0192,0.63743955,0.0136,0.0128,0.396,0.0248,0.0152,0.0184,0.46911663,0.05499869,0.41398045
-0.08089307,0.003113661,0.0136,0.010400000000000001,0.012,0.017599999999999998,0.02,0.012,0.016,0.2455331,0.036844704,0.21025148,0.03377151,0.0029790774,0.0256,0.010400000000000001,0.0136,0.4192,0.028,0.0128,0.0184,0.37047482,0.029816814,0.3417184,0.0033534602,0.0184,0.7027501,0.0128,0.0152,0.412,0.0264,0.0152,0.0192,0.42680314,0.047810137,0.38100037
-0.08065541,0.002765052,0.0072,0.0072,0.0152,0.3888,0.0224,0.0096,0.017599999999999998,0.2799738,0.020336598,0.25955927,0.033718634,0.0024521872,0.0216,0.0128,0.016,0.3912,0.0272,0.016,0.0184,0.37975365,0.033974014,0.3494898,0.0031409112,0.016,0.8387493,0.0128,0.0152,0.36160000000000003,0.032,0.0152,0.017599999999999998,0.4695964,0.045642182,0.4272382
-0.08058175,0.002469495,0.0096,0.0072,0.0184,0.3704,0.0256,0.0096,0.0232,0.29784393,0.018760972,0.27887177,0.03367504,0.0023798272,0.0272,0.0144,0.012,0.424,0.0256,0.016,0.0192,0.35145462,0.032909423,0.32095885,0.0028078393,0.0128,0.49598548,0.0072,0.02,0.3736,0.0328,0.010400000000000001,0.024,0.42921054,0.026172806,0.4036064
-0.08042064,0.0024193376,0.016800000000000002,0.0128,0.010400000000000001,0.3744,0.016800000000000002,0.0152,0.012,0.24247232,0.035717115,0.20641404,0.033733483,0.0023213848,0.032,0.016,0.0096,0.4296,0.09119999999999999,0.02,0.0152,0.33289975,0.041256137,0.29185224,0.0027360518,0.016800000000000002,0.48592326,0.010400000000000001,0.016800000000000002,0.36160000000000003,0.032,0.0128,0.02,0.36987722,0.034529645,0.33490616
-0.080557786,0.002223637,0.0192,0.016,0.008,0.404,0.0144,0.02,0.008,0.30994213,0.03916585,0.27310723,0.033655327,0.0021676347,0.0272,0.0144,0.0152,0.3976,0.0848,0.016800000000000002,0.017599999999999998,0.32646933,0.0350871,0.29237905,0.002801351,0.0192,0.6538087,0.0144,0.0144,0.3896,0.0288,0.0152,0.016800000000000002,0.44458696,0.04136114,0.40512234
-0.08049188,0.0022686757,0.0112,0.008799999999999999,0.016,0.4016,0.0232,0.010400000000000001,0.016800000000000002,0.25041273,0.02188706,0.22755733,0.033651847,0.0022870675,0.0256,0.0136,0.0152,0.4256,0.035199999999999995,0.0136,0.0232,0.32931122,0.028196242,0.3010186,0.0025871121,0.0144,0.50139207,0.010400000000000001,0.017599999999999998,0.4144,0.0264,0.012,0.02,0.37787288,0.029494349,0.34705186
-0.08046924,0.0021350905,0.0064,0.0056,0.017599999999999998,0.40559999999999996,0.0224,0.008799999999999999,0.020800000000000003,0.24386504,0.012420908,0.23110594,0.033634223,0.0023046918,0.0272,0.016,0.008799999999999999,0.4256,0.0224,0.016800000000000002,0.0144,0.33023813,0.038007744,0.29035017,0.0026752425,0.017599999999999998,0.8864029,0.012,0.0152,0.4024,0.032,0.0152,0.017599999999999998,0.41004163,0.037158016,0.37099442
-0.08046414,0.0021299906,0.0096,0.0056,0.0152,0.4016,0.0248,0.0072,0.0184,0.18312067,0.014465015,0.16903022,0.03362819,0.001962863,0.020800000000000003,0.0064,0.017599999999999998,0.4136,0.028,0.008,0.0264,0.3278052,0.011494327,0.3171375,0.0025854898,0.02,0.67467165,0.0128,0.012,0.4128,0.0272,0.0144,0.017599999999999998,0.34776172,0.036057852,0.31112316
-0.08040224,0.002289988,0.0096,0.008799999999999999,0.0152,0.3704,0.0224,0.008799999999999999,0.017599999999999998,0.26029763,0.017938271,0.24265683,0.033684548,0.0022543669,0.0272,0.0144,0.0096,0.41040000000000004,0.024,0.016800000000000002,0.016800000000000002,0.30234987,0.03305,0.26686814,0.0027383873,0.0184,0.83093023,0.010400000000000001,0.0128,0.3904,0.0256,0.012,0.016800000000000002,0.39879295,0.036084842,0.36129886
-0.08040089,0.0021776892,0.008,0.0064,0.0152,0.4072,0.024,0.0096,0.0192,0.19060065,0.015230928,0.1767321,0.033603843,0.0021031648,0.0192,0.0072,0.02,0.4192,0.0328,0.0096,0.0232,0.28379875,0.016269704,0.2680291,0.0025929194,0.0136,0.573771,0.010400000000000001,0.016,0.4128,0.0288,0.0112,0.02,0.31412467,0.027833963,0.28780583
-0.080285735,0.0021734834,0.0128,0.008799999999999999,0.0144,0.3968,0.0216,0.010400000000000001,0.016800000000000002,0.15405348,0.022571377,0.1305324,0.03362495,0.002313964,0.0296,0.0128,0.010400000000000001,0.4224,0.0232,0.0144,0.0144,0.29776615,0.03366955,0.26564705,0.0026043078,0.024,1.0046799,0.0144,0.0136,0.4168,0.0248,0.0152,0.016,0.33393964,0.041997585,0.29133216
-0.080329664,0.0025502555,0.0488,0.010400000000000001,0.008799999999999999,0.43119999999999997,0.0216,0.012,0.008799999999999999,0.2958369,0.030526672,0.26865453,0.03358181,0.0023571067,0.06,0.010400000000000001,0.0128,0.4432,0.0256,0.0144,0.016800000000000002,0.3055449,0.023260701,0.2887317,0.0027507525,0.0528,0.759118,0.012,0.017599999999999998,0.4352,0.0256,0.0144,0.017599999999999998,0.42491394,0.034311306,0.39770603
-0.080342755,0.0025633462,0.0128,0.0096,0.0112,0.4072,0.0192,0.012,0.012,0.27769524,0.026923079,0.2536194,0.03361683,0.0022061318,0.0288,0.0152,0.0112,0.4184,0.0232,0.0192,0.0144,0.2931915,0.03466274,0.26037666,0.0028802066,0.0152,0.55202305,0.0112,0.0144,0.39840000000000003,0.028,0.012,0.017599999999999998,0.39020067,0.032157905,0.36070907
-0.08036384,0.0024734847,0.008799999999999999,0.0056,0.0144,0.3904,0.0224,0.010400000000000001,0.0184,0.21573658,0.015891567,0.20020384,0.033709824,0.0024609976,0.0264,0.010400000000000001,0.0144,0.392,0.0264,0.0152,0.017599999999999998,0.292554,0.030889148,0.26043493,0.0028812909,0.017599999999999998,0.60946065,0.0112,0.0136,0.3816,0.0232,0.012,0.016800000000000002,0.34436002,0.03761114,0.30746293
-0.080553785,0.0032181703,0.008799999999999999,0.008,0.0136,0.3488,0.0216,0.010400000000000001,0.016800000000000002,0.28175268,0.02763348,0.25468123,0.033680376,0.0028383061,0.0272,0.016800000000000002,0.008799999999999999,0.4248,0.017599999999999998,0.0184,0.0136,0.35649762,0.048497707,0.31011626,0.003651764,0.016,0.7078893,0.012,0.0128,0.1608,0.0248,0.0136,0.016800000000000002,0.44586366,0.04963523,0.39809495
-0.080781676,0.0033351108,0.010400000000000001,0.0112,0.0144,0.332,0.0192,0.0112,0.016800000000000002,0.28979984,0.032705408,0.257181,0.033754583,0.0029960051,0.0272,0.0144,0.0136,0.3608,0.0232,0.016,0.0144,0.32310602,0.044235334,0.27800018,0.0038944238,0.0144,0.59545666,0.010400000000000001,0.0152,0.2264,0.0264,0.0112,0.0184,0.42114902,0.043052614,0.37907338
-0.08091592,0.003136512,0.010400000000000001,0.008799999999999999,0.0152,0.4032,0.024,0.010400000000000001,0.016800000000000002,0.29528785,0.029125072,0.26588652,0.033895813,0.0030866824,0.0264,0.012,0.016,0.39280000000000004,0.0224,0.0136,0.016800000000000002,0.35285026,0.036114942,0.31957164,0.0036105707,0.0184,0.68167776,0.012,0.016,0.1472,0.024,0.0136,0.017599999999999998,0.4516257,0.05288462,0.40104863
-0.08114758,0.0034791194,0.0144,0.012,0.010400000000000001,0.3976,0.017599999999999998,0.0128,0.0128,0.2271663,0.046980456,0.18023509,0.033880975,0.0029855669,0.0296,0.0152,0.010400000000000001,0.3712,0.0184,0.0184,0.0152,0.33800292,0.047155418,0.29266518,0.0038766796,0.0144,0.4568459,0.0096,0.016800000000000002,0.3976,0.0256,0.0112,0.0184,0.35296977,0.043516133,0.3100842
-0.08133264,0.0037751272,0.010400000000000001,0.0072,0.016,0.368,0.024,0.008799999999999999,0.017599999999999998,0.21240461,0.0322125,0.1803405,0.033948455,0.0031499937,0.0232,0.008799999999999999,0.02,0.404,0.0304,0.0128,0.0224,0.33412468,0.030242374,0.30362898,0.0042536086,0.016800000000000002,0.5820364,0.0112,0.0152,0.284,0.0264,0.0128,0.0184,0.3611082,0.054614324,0.3065465
-0.08148264,0.0043689236,0.0096,0.008799999999999999,0.016,0.2552,0.0232,0.0096,0.017599999999999998,0.28784975,0.040000856,0.24757545,0.033946604,0.003731614,0.0272,0.0128,0.0136,0.39280000000000004,0.0232,0.0144,0.016,0.39395195,0.055215612,0.3388741,0.004665438,0.0152,0.5254442,0.012,0.016800000000000002,0.26080000000000003,0.024,0.0144,0.0192,0.4466244,0.063876964,0.38452485
-0.08145868,0.004455913,0.0128,0.010400000000000001,0.0144,0.0152,0.020800000000000003,0.012,0.0184,0.31381643,0.05010342,0.265221,0.03399623,0.0036819857,0.0272,0.0112,0.016,0.396,0.0256,0.0128,0.02,0.35197648,0.03787453,0.31637877,0.0048158173,0.0152,0.38905984,0.010400000000000001,0.017599999999999998,0.017599999999999998,0.0264,0.0128,0.0192,0.42387494,0.057070497,0.36877716
-0.08134729,0.004455466,0.0136,0.012,0.0128,0.017599999999999998,0.0224,0.0128,0.0152,0.27198717,0.05621599,0.21495965,0.034035422,0.0036427956,0.0304,0.0152,0.012,0.38799999999999996,0.0216,0.0184,0.0144,0.36142942,0.055403523,0.30855468,0.004790927,0.0152,0.4351151,0.008799999999999999,0.016,0.3672,0.0232,0.0112,0.0192,0.39899167,0.05880943,0.33942455
-0.08112074,0.00467271,0.0144,0.0144,0.012,0.028,0.017599999999999998,0.016,0.0144,0.3136568,0.06857599,0.24675487,0.033999246,0.0039108805,0.0304,0.0152,0.010400000000000001,0.0224,0.0192,0.0192,0.0136,0.3916918,0.068025716,0.32536647,0.005045158,0.016800000000000002,0.57679856,0.0128,0.0152,0.0304,0.024,0.0152,0.017599999999999998,0.47651765,0.07426002,0.40478274
-0.08101822,0.0049030334,0.0136,0.008799999999999999,0.016,0.0152,0.024,0.010400000000000001,0.0192,0.3291851,0.052175082,0.27803785,0.033925265,0.003984861,0.0288,0.010400000000000001,0.016,0.13040000000000002,0.0224,0.0128,0.0184,0.3239199,0.034458652,0.2898296,0.005135543,0.020800000000000003,0.63764906,0.0128,0.016,0.020800000000000003,0.0248,0.0136,0.017599999999999998,0.4573315,0.07680216,0.38194773
-0.0805782,0.0049068145,0.0136,0.0112,0.016,0.016,0.0224,0.0128,0.016800000000000002,0.36375216,0.06266846,0.3029524,0.03392063,0.004221402,0.028,0.0112,0.016,0.21680000000000002,0.0256,0.0128,0.0184,0.40056026,0.04350683,0.35928082,0.0054475195,0.016800000000000002,0.44931942,0.012,0.0152,0.0184,0.0256,0.0136,0.0192,0.50163156,0.073151216,0.43113506
-0.08025356,0.0052478574,0.0136,0.010400000000000001,0.0144,0.016800000000000002,0.0216,0.0128,0.017599999999999998,0.2620568,0.06147649,0.20036945,0.03378821,0.0041219145,0.031200000000000002,0.0152,0.012,0.21439999999999998,0.0232,0.0152,0.0144,0.36339766,0.052917853,0.31330582,0.005364968,0.016,0.41247612,0.010400000000000001,0.016,0.017599999999999998,0.0256,0.0128,0.0192,0.38575685,0.06727046,0.3189233
-0.08005452,0.005159773,0.0144,0.012,0.0136,0.0192,0.020800000000000003,0.0136,0.017599999999999998,0.3559831,0.07101907,0.2848651,0.033748787,0.004045384,0.028,0.0112,0.0144,0.4072,0.0248,0.012,0.0192,0.3422949,0.04001318,0.3070451,0.0055188667,0.016,0.3627248,0.0112,0.016800000000000002,0.020800000000000003,0.024,0.0128,0.0184,0.45427465,0.07381459,0.38120154
-0.07972611,0.0054970495,0.048,0.0096,0.0152,0.016,0.0232,0.012,0.017599999999999998,0.27109918,0.07120213,0.20009218,0.03379447,0.004115656,0.061599999999999995,0.008799999999999999,0.016800000000000002,0.44,0.0272,0.0112,0.020800000000000003,0.28762588,0.031659864,0.25098464,0.005819282,0.0552,0.5561408,0.0144,0.0144,0.020800000000000003,0.0232,0.016,0.016,0.38208553,0.10244196,0.27700928
-0.079684384,0.0060100704,0.0112,0.008799999999999999,0.016,0.0152,0.0248,0.010400000000000001,0.0192,0.29450104,0.058955666,0.23458888,0.033643268,0.0047306716,0.028,0.0112,0.016,0.4064,0.0256,0.0128,0.017599999999999998,0.40207046,0.046373278,0.35789225,0.0063123284,0.017599999999999998,0.452432,0.0128,0.0144,0.02,0.0224,0.0152,0.0184,0.44063705,0.0937466,0.34730282
-0.0795426,0.006090179,0.0112,0.008799999999999999,0.017599999999999998,0.0144,0.024,0.0096,0.02,0.30388576,0.058967743,0.24330789,0.033685707,0.0044563264,0.0272,0.010400000000000001,0.016800000000000002,0.0464,0.0264,0.0112,0.02,0.34078965,0.032082953,0.31075776,0.006520489,0.0184,0.41032454,0.0128,0.0144,0.020800000000000003,0.0232,0.0144,0.016800000000000002,0.41460398,0.10006741,0.31247738
-0.0795821,0.006129686,0.016800000000000002,0.0136,0.012,0.0192,0.0184,0.0152,0.0144,0.3189812,0.09610451,0.22445314,0.033758294,0.004615646,0.0272,0.0096,0.017599999999999998,0.0152,0.0272,0.0112,0.02,0.37911168,0.034485027,0.3475724,0.0065060095,0.016800000000000002,0.34178597,0.012,0.016,0.0184,0.024,0.0136,0.0184,0.42759752,0.087239265,0.34261793
-0.07965644,0.006425917,0.0144,0.012,0.0136,0.0184,0.020800000000000003,0.0144,0.0152,0.40635198,0.08859505,0.31903556,0.033793084,0.0045808554,0.0272,0.0112,0.016,0.3632,0.0264,0.012,0.017599999999999998,0.37991774,0.040955085,0.3391022,0.006789499,0.016,0.3760898,0.012,0.016,0.0192,0.024,0.0136,0.017599999999999998,0.5174898,0.0914902,0.4267397
-0.07982752,0.00626415,0.0136,0.0096,0.016800000000000002,0.016,0.0256,0.0128,0.0184,0.3398355,0.073095076,0.26760805,0.03371238,0.0044296533,0.0272,0.008799999999999999,0.02,0.3784,0.028,0.0096,0.0216,0.41029894,0.023986954,0.39105076,0.006637983,0.0232,0.53530693,0.016,0.0136,0.0248,0.0232,0.017599999999999998,0.016,0.5015922,0.1263968,0.37801132
-0.079892986,0.005996771,0.0152,0.0112,0.0152,0.016800000000000002,0.0232,0.0144,0.0184,0.4200066,0.07987751,0.34256458,0.033809777,0.004448209,0.0328,0.0144,0.0144,0.4032,0.020800000000000003,0.0152,0.0152,0.352674,0.057262696,0.29840788,0.0063886563,0.024,0.5836425,0.016,0.012,0.0248,0.0232,0.0184,0.0152,0.5448262,0.1266734,0.42149857
-0.079892755,0.0058855936,0.0184,0.0136,0.0136,0.02,0.0224,0.0152,0.0152,0.39952523,0.0922097,0.30754897,0.033861957,0.004743889,0.032,0.010400000000000001,0.0152,0.1632,0.028,0.0136,0.0184,0.43726063,0.047944404,0.3927346,0.006241311,0.0184,0.33924562,0.0112,0.017599999999999998,0.0192,0.0272,0.0136,0.02,0.5222645,0.08398219,0.4392732
-0.0800097,0.0056696944,0.012,0.008799999999999999,0.017599999999999998,0.0152,0.0256,0.010400000000000001,0.020800000000000003,0.37440127,0.057419226,0.31815034,0.033826012,0.0045479275,0.032,0.0144,0.0136,0.0216,0.020800000000000003,0.016,0.0152,0.40137282,0.06376045,0.3379463,0.0062961797,0.020800000000000003,0.52513874,0.0144,0.016,0.0216,0.0232,0.016,0.016800000000000002,0.5251738,0.10668836,0.4195882
-0.07998618,0.0057571195,0.0128,0.010400000000000001,0.016800000000000002,0.016800000000000002,0.0256,0.012,0.02,0.3498811,0.065708175,0.2841996,0.0338986,0.0045912936,0.0296,0.012,0.0144,0.24960000000000002,0.0256,0.0144,0.0184,0.41743177,0.05056168,0.36803564,0.0062024565,0.02,0.5420583,0.0144,0.016800000000000002,0.02,0.024,0.016800000000000002,0.02,0.5150783,0.10241745,0.41349167
-0.08008891,0.0054160617,0.016800000000000002,0.0144,0.0128,0.02,0.020800000000000003,0.017599999999999998,0.0152,0.37622848,0.09054906,0.28447413,0.03387564,0.004150439,0.0264,0.010400000000000001,0.017599999999999998,0.1656,0.028,0.0128,0.0224,0.43615848,0.040954947,0.397546,0.005882311,0.016800000000000002,0.40083098,0.0128,0.0152,0.0192,0.0248,0.0144,0.02,0.51658946,0.08430722,0.4317911
-0.08030948,0.0053037815,0.0144,0.010400000000000001,0.017599999999999998,0.016,0.0248,0.0128,0.0184,0.41517317,0.06506823,0.3522654,0.033901844,0.004008282,0.0304,0.0128,0.016,0.16799999999999998,0.028,0.0152,0.0192,0.38844585,0.05062344,0.33881783,0.0055191577,0.0184,0.40074033,0.0128,0.016,0.0192,0.0248,0.0144,0.02,0.5338128,0.08417013,0.45219138
-0.08031148,0.004751038,0.016,0.0136,0.0144,0.352,0.0216,0.016,0.016,0.34588557,0.07249822,0.27443478,0.03396075,0.004065331,0.0304,0.0136,0.0152,0.0216,0.0248,0.016800000000000002,0.0184,0.42160857,0.060676143,0.36397976,0.005381148,0.02,0.5704313,0.0136,0.0152,0.0224,0.0264,0.016800000000000002,0.0184,0.51878744,0.088753864,0.43227166
-0.0805995,0.004706219,0.016,0.010400000000000001,0.0152,0.0184,0.0248,0.012,0.017599999999999998,0.3796167,0.061283607,0.3198155,0.03392295,0.003871221,0.0328,0.0152,0.0144,0.33840000000000003,0.0256,0.016,0.0192,0.4207339,0.058072373,0.36669964,0.005199855,0.028,0.8069584,0.017599999999999998,0.0128,0.3336,0.0256,0.020800000000000003,0.0152,0.56642866,0.11047465,0.45963168
-0.08080386,0.0043558367,0.0144,0.010400000000000001,0.016,0.052000000000000005,0.024,0.0128,0.0192,0.36235774,0.054329254,0.30843675,0.03401316,0.003665058,0.0304,0.0128,0.0152,0.4296,0.0288,0.016800000000000002,0.0184,0.42114452,0.0510316,0.372676,0.004815432,0.0192,0.49173033,0.0128,0.017599999999999998,0.35359999999999997,0.0264,0.0144,0.02,0.51826876,0.0742123,0.44527003
-0.08118952,0.004075803,0.0136,0.012,0.0152,0.39840000000000003,0.024,0.0128,0.0184,0.36180317,0.048985083,0.3139844,0.034036815,0.003525449,0.0264,0.010400000000000001,0.0192,0.35919999999999996,0.036,0.0136,0.0216,0.40259057,0.040274333,0.3662972,0.0045828447,0.0224,0.731604,0.0144,0.0152,0.2944,0.0264,0.0184,0.017599999999999998,0.53817546,0.08284731,0.45896477
-0.08149751,0.003940001,0.0144,0.010400000000000001,0.0152,0.1976,0.024,0.0128,0.0184,0.34527084,0.049063172,0.29745203,0.03410569,0.0036884826,0.0296,0.012,0.0144,0.3792,0.0288,0.016,0.0192,0.3912891,0.04823326,0.34548748,0.004435197,0.024,0.7766852,0.016800000000000002,0.0144,0.2072,0.0288,0.017599999999999998,0.016800000000000002,0.5205232,0.0840285,0.43903288
-0.081685685,0.0040172264,0.0136,0.008,0.016800000000000002,0.2376,0.0264,0.010400000000000001,0.0192,0.30400229,0.039779063,0.26450464,0.034111254,0.0034510102,0.0304,0.012,0.016,0.408,0.032,0.0152,0.0192,0.42874226,0.045680672,0.3860714,0.0044867494,0.0248,0.76373655,0.0144,0.0152,0.2504,0.0264,0.017599999999999998,0.017599999999999998,0.5160966,0.08127416,0.4376343
-0.08193111,0.0035969578,0.016,0.0128,0.0128,0.0376,0.020800000000000003,0.0144,0.0152,0.32885993,0.05185744,0.27693608,0.0341261,0.0033202097,0.031200000000000002,0.016800000000000002,0.0136,0.37520000000000003,0.024,0.0184,0.016800000000000002,0.4305934,0.0582928,0.374472,0.0040814527,0.016,0.49220383,0.0112,0.017599999999999998,0.0376,0.032,0.0128,0.0232,0.49330735,0.049958188,0.44409505
-0.082067356,0.0030675158,0.0144,0.010400000000000001,0.0152,0.4136,0.0232,0.012,0.0184,0.2994637,0.035799276,0.26396018,0.034127723,0.0029707253,0.0272,0.0128,0.016,0.4184,0.0272,0.0136,0.02,0.40015456,0.034795277,0.36965886,0.003952303,0.02,0.72566026,0.0112,0.016800000000000002,0.3656,0.0272,0.012,0.020800000000000003,0.48957163,0.050349902,0.4423446
-0.08213414,0.0029124022,0.010400000000000001,0.008,0.017599999999999998,0.4032,0.0248,0.010400000000000001,0.0184,0.29984707,0.0267664,0.2754384,0.034130506,0.0028519891,0.0304,0.016800000000000002,0.0096,0.41600000000000004,0.0216,0.02,0.012,0.34704804,0.05468917,0.29278186,0.0035559773,0.0152,0.6111024,0.0096,0.017599999999999998,0.4008,0.0272,0.0128,0.0216,0.44470552,0.040742278,0.40613657
-0.08194397,0.0029441267,0.0072,0.0056,0.017599999999999998,0.33280000000000004,0.0256,0.008,0.02,0.24985176,0.016511768,0.23309854,0.034060236,0.0030382127,0.0256,0.0128,0.0152,0.41759999999999997,0.032,0.016,0.0192,0.37377828,0.03855039,0.33574557,0.0033414345,0.0256,1.1414883,0.016800000000000002,0.0112,0.3952,0.0248,0.0192,0.0152,0.44385812,0.064384244,0.38004392
-0.08173451,0.0028456151,0.0112,0.008,0.0152,0.38,0.0224,0.0128,0.0184,0.27516353,0.027634278,0.24620597,0.03394544,0.0028051473,0.024,0.010400000000000001,0.017599999999999998,0.404,0.0296,0.012,0.0232,0.41523284,0.029772282,0.39088264,0.0034537076,0.017599999999999998,0.65703493,0.0112,0.016,0.2776,0.0272,0.0136,0.02,0.47148883,0.04570372,0.42717737
-0.08147621,0.0029201657,0.012,0.0096,0.012,0.3016,0.0232,0.0096,0.0144,0.23055124,0.028713461,0.2018156,0.033967704,0.0025509782,0.0296,0.016,0.0152,0.4224,0.0272,0.0184,0.016800000000000002,0.3464734,0.0448741,0.30507803,0.0033145358,0.0184,0.72707045,0.012,0.016800000000000002,0.4024,0.0264,0.0136,0.0192,0.40254578,0.0454662,0.35799944
-0.08114005,0.0025839992,0.0136,0.0128,0.0112,0.38239999999999996,0.02,0.0128,0.0144,0.28454155,0.03327696,0.2517008,0.03391344,0.0026052408,0.0232,0.0096,0.017599999999999998,0.3736,0.0248,0.0144,0.02,0.37163073,0.028938722,0.34368598,0.003054975,0.0152,0.6274682,0.0096,0.017599999999999998,0.38239999999999996,0.0288,0.0136,0.02,0.4485244,0.036470737,0.4129035
-0.08102022,0.0024641715,0.010400000000000001,0.0096,0.0144,0.408,0.0248,0.012,0.0184,0.28098708,0.024378806,0.25580177,0.03376502,0.0025217533,0.028,0.016800000000000002,0.0128,0.4248,0.0192,0.017599999999999998,0.0152,0.35864267,0.04176406,0.31863874,0.0030510619,0.016800000000000002,0.68994564,0.0128,0.016800000000000002,0.4144,0.0288,0.0128,0.020800000000000003,0.44499427,0.040820725,0.40473053
-0.08085535,0.002410248,0.0112,0.010400000000000001,0.0136,0.4088,0.0192,0.010400000000000001,0.0152,0.2875828,0.023647167,0.26439458,0.0337358,0.0022031143,0.0264,0.0152,0.0136,0.42160000000000003,0.0256,0.016800000000000002,0.017599999999999998,0.33058313,0.03327862,0.29904377,0.0026875443,0.012,0.5442035,0.0072,0.0184,0.4096,0.0288,0.0112,0.024,0.41719365,0.023854025,0.39449626
-0.08062924,0.00051990896,0.5559999999999999,0.9551999999999999,0.0008,0.9560000000000001,0.0008,0.9551999999999999,0.0008,-0.02811763,-0.01300215,-0.057297103,0.033742063,0.0006894581,0.2304,0.6288,0.0008,0.6304000000000001,0.0008,0.6288,0.0008,-0.046440266,5.1731244e-05,-0.053745326,0.0007399026,0.928,-2.8138652,1.3088,0.0008,1.3256000000000001,0.0016,1.32,0.0008,0.041569866,0.03749159,0.051096328
-0.080509625,0.0023973696,0.0096,0.0056,0.0152,0.40480000000000005,0.0256,0.0072,0.0216,0.2772567,0.017340772,0.26017064,0.033717476,0.0023373924,0.0328,0.0184,0.012,0.4272,0.020800000000000003,0.020800000000000003,0.0128,0.3417777,0.04550932,0.2967878,0.0028166496,0.0216,0.9086611,0.0144,0.0144,0.41600000000000004,0.032,0.0152,0.0192,0.4400117,0.044082377,0.3962984
-0.08048278,0.0024814755,0.0496,0.012,0.0048,0.4384,0.016800000000000002,0.0144,0.0136,0.31393147,0.036911804,0.28120166,0.033662286,0.0022766292,0.064,0.0144,0.0128,0.4576,0.0248,0.016800000000000002,0.0136,0.3458315,0.03707265,0.31406027,0.0027709438,0.0496,0.4611657,0.010400000000000001,0.016,0.4384,0.028,0.012,0.017599999999999998,0.4350288,0.035445217,0.40473774
-0.08053093,0.0023077242,0.012,0.008,0.0136,0.3992,0.0224,0.010400000000000001,0.0144,0.25351253,0.02130206,0.23221041,0.03363167,0.0020753369,0.0256,0.0128,0.016800000000000002,0.4256,0.0296,0.0136,0.020800000000000003,0.31719443,0.026870675,0.29156873,0.0026310524,0.0144,0.5009832,0.008,0.0144,0.3944,0.0256,0.010400000000000001,0.02,0.37470332,0.026437128,0.3494556
-0.08056711,0.0023439042,0.010400000000000001,0.0072,0.016800000000000002,0.4088,0.0248,0.008,0.0192,0.26046032,0.017933581,0.24403995,0.033606857,0.0023320578,0.0256,0.0096,0.0136,0.42319999999999997,0.031200000000000002,0.0112,0.020800000000000003,0.31852806,0.025345659,0.29278642,0.0029114292,0.0184,0.6967039,0.010400000000000001,0.0144,0.4168,0.0288,0.0128,0.016800000000000002,0.40416032,0.035620674,0.36982942
-0.08053116,0.0024189055,0.0144,0.012,0.012,0.41119999999999995,0.0216,0.0128,0.0144,0.267226,0.0298936,0.23693708,0.033678282,0.0022606328,0.028,0.0136,0.0096,0.4144,0.0256,0.017599999999999998,0.0184,0.2990508,0.03262484,0.26751146,0.0027618848,0.0144,0.5036705,0.0096,0.0152,0.3992,0.032,0.012,0.0216,0.378376,0.028807655,0.34960985
-0.08053914,0.0023159347,0.0072,0.0048,0.0184,0.4024,0.024,0.0072,0.020800000000000003,0.18999498,0.011967536,0.17834538,0.033567436,0.0022555254,0.0248,0.010400000000000001,0.016800000000000002,0.4192,0.0264,0.0136,0.0192,0.33730862,0.02655472,0.31179887,0.002751697,0.0216,0.76601464,0.0152,0.0136,0.4168,0.0224,0.017599999999999998,0.0136,0.3707709,0.04706952,0.32472718
-0.0804799,0.002478592,0.0128,0.012,0.0136,0.3992,0.020800000000000003,0.012,0.016800000000000002,0.25651726,0.026343651,0.2300006,0.03363144,0.002423428,0.0296,0.016,0.0112,0.41600000000000004,0.0224,0.016,0.016,0.30426446,0.036444232,0.27121776,0.0028421201,0.02,0.65340555,0.0144,0.0136,0.4064,0.0248,0.0192,0.017599999999999998,0.38863993,0.044674415,0.3455428
-0.08038337,0.0023820624,0.004,0.0056,0.0184,0.3912,0.0264,0.0064,0.02,0.19732049,0.009136602,0.1880008,0.03366182,0.0023930483,0.0232,0.012,0.0144,0.4208,0.0256,0.016,0.017599999999999998,0.322991,0.030669967,0.2943505,0.0027472235,0.012,0.665985,0.008799999999999999,0.017599999999999998,0.3992,0.028,0.0112,0.02,0.3547096,0.027465608,0.3280304
-0.08039402,0.0025036633,0.008799999999999999,0.008799999999999999,0.016,0.3784,0.0232,0.0096,0.017599999999999998,0.21407786,0.019884877,0.19266479,0.03363353,0.0025372915,0.024,0.0112,0.0136,0.4024,0.0272,0.0128,0.0152,0.3198568,0.028461903,0.2927237,0.0029501289,0.024,1.0353895,0.016,0.0128,0.3792,0.0224,0.0184,0.0136,0.384317,0.054082245,0.33081043
-0.0803878,0.0032740831,0.0112,0.0072,0.0152,0.26880000000000004,0.0216,0.0112,0.017599999999999998,0.1980912,0.030304387,0.16846795,0.033657413,0.0027453154,0.032,0.016800000000000002,0.0096,0.412,0.017599999999999998,0.0192,0.012,0.32386166,0.048357308,0.2749293,0.0037945595,0.0192,0.68389106,0.0112,0.0136,0.18239999999999998,0.0224,0.0144,0.0152,0.35816473,0.052483507,0.3064189
-0.080326565,0.0033237971,0.0064,0.0056,0.017599999999999998,0.35919999999999996,0.024,0.008,0.0192,0.18356588,0.019156814,0.16403896,0.033712376,0.0030382127,0.0232,0.012,0.016800000000000002,0.40480000000000005,0.0224,0.0128,0.0184,0.3478047,0.03105908,0.3190483,0.003751847,0.0152,0.5974617,0.010400000000000001,0.012,0.3912,0.024,0.0144,0.016800000000000002,0.34742212,0.048383534,0.29937068
-0.08051651,0.003402792,0.0136,0.010400000000000001,0.0136,0.38480000000000003,0.02,0.012,0.016800000000000002,0.26544756,0.040428557,0.22450759,0.03367527,0.002959367,0.0256,0.008799999999999999,0.016800000000000002,0.4144,0.0264,0.0112,0.0192,0.32716817,0.024663871,0.3057168,0.003743943,0.0256,0.9115289,0.016,0.010400000000000001,0.29279999999999995,0.020800000000000003,0.0184,0.0128,0.4212039,0.07022357,0.35327774
-0.0806998,0.0035860837,0.0424,0.0072,0.0184,0.0768,0.0232,0.008,0.0184,0.26301265,0.02852149,0.23305656,0.033786587,0.0030799545,0.06,0.0112,0.0152,0.4496,0.0224,0.0136,0.017599999999999998,0.30571193,0.027498364,0.2847244,0.0039444338,0.0528,0.64908206,0.012,0.0128,0.0872,0.0216,0.0144,0.016,0.39431536,0.059329543,0.3360477
-0.08090948,0.0039067157,0.0136,0.0128,0.010400000000000001,0.12560000000000002,0.0184,0.0144,0.012,0.20491749,0.05287843,0.15177318,0.03383807,0.0032603778,0.0296,0.016800000000000002,0.0112,0.2408,0.016,0.016800000000000002,0.0136,0.31823465,0.057323415,0.2637366,0.0044242563,0.0152,0.5865278,0.010400000000000001,0.016,0.39840000000000003,0.0232,0.0128,0.017599999999999998,0.34680328,0.053859986,0.29246336
-0.0811001,0.0040973313,0.0096,0.008799999999999999,0.016800000000000002,0.2832,0.0232,0.010400000000000001,0.0192,0.2658915,0.037518375,0.22750331,0.033845954,0.003600357,0.024,0.0096,0.016,0.4128,0.0264,0.0112,0.016800000000000002,0.36543033,0.03519192,0.32948482,0.0046528378,0.020800000000000003,0.80951935,0.0152,0.012,0.4096,0.0216,0.016800000000000002,0.0144,0.44797966,0.07837403,0.36856824
-0.08127939,0.0043875687,0.0136,0.0112,0.0128,0.3968,0.0224,0.012,0.0152,0.19177565,0.053508457,0.13696711,0.034010146,0.0036680717,0.0248,0.008799999999999999,0.0184,0.372,0.0288,0.0112,0.0192,0.30837858,0.028368456,0.28089762,0.004767971,0.017599999999999998,0.5540343,0.012,0.016,0.4008,0.0248,0.0128,0.0184,0.32533255,0.06457762,0.2598037
-0.08142806,0.0043143407,0.0128,0.0096,0.0152,0.016,0.0232,0.010400000000000001,0.0184,0.28341642,0.044176992,0.23948082,0.03406302,0.0036151987,0.033600000000000005,0.016800000000000002,0.010400000000000001,0.424,0.0192,0.0192,0.0144,0.3083807,0.056060746,0.25098377,0.0046469714,0.020800000000000003,0.5864362,0.0128,0.0144,0.02,0.024,0.0144,0.016800000000000002,0.4067194,0.07387706,0.33144084
-0.08151215,0.0043984354,0.0448,0.0072,0.0184,0.29760000000000003,0.0256,0.0096,0.0216,0.2976681,0.035288412,0.26704627,0.034023825,0.0037703477,0.0592,0.008799999999999999,0.02,0.3528,0.0256,0.0112,0.0216,0.3802157,0.02703872,0.3607356,0.0050032707,0.0592,0.85348606,0.0152,0.0112,0.19920000000000002,0.0224,0.017599999999999998,0.016,0.4821968,0.09116844,0.39998096
-0.08155121,0.0047703385,0.010400000000000001,0.0096,0.016,0.0152,0.024,0.0112,0.016800000000000002,0.3029961,0.049810044,0.25495544,0.034034498,0.004107535,0.0272,0.0128,0.0128,0.4072,0.0216,0.0152,0.017599999999999998,0.36861387,0.05443032,0.31562313,0.005226702,0.0152,0.47024223,0.0128,0.016,0.0184,0.024,0.0128,0.0192,0.43712825,0.071467005,0.3673967
-0.08127894,0.0051637627,0.0144,0.0128,0.0136,0.017599999999999998,0.020800000000000003,0.0144,0.016,0.35852697,0.07186749,0.28707618,0.033989504,0.004152529,0.0256,0.010400000000000001,0.016,0.016,0.0272,0.012,0.0192,0.41407275,0.03814687,0.37731555,0.005651713,0.0152,0.41859087,0.0112,0.016,0.0184,0.0232,0.0136,0.0192,0.49588224,0.069788046,0.42650294
-0.08107236,0.0049571767,0.0128,0.0112,0.0144,0.38239999999999996,0.0216,0.0136,0.016800000000000002,0.26849696,0.061452165,0.20614392,0.033962138,0.004179895,0.032,0.016,0.010400000000000001,0.3896,0.0216,0.0184,0.012,0.3710553,0.073389366,0.30171514,0.0053999918,0.017599999999999998,0.54261893,0.0128,0.016,0.0192,0.024,0.0144,0.0184,0.42153555,0.08148496,0.33988243
-0.08077124,0.0049889013,0.012,0.012,0.0136,0.017599999999999998,0.02,0.0144,0.016,0.32135323,0.06396057,0.25877827,0.03386961,0.0041564703,0.0248,0.0112,0.016800000000000002,0.1656,0.0248,0.0136,0.0192,0.40949127,0.049538344,0.36137062,0.0056486037,0.0136,0.48813364,0.010400000000000001,0.017599999999999998,0.016800000000000002,0.0256,0.0128,0.0184,0.47586483,0.06745544,0.41023475
-0.080395125,0.005500376,0.0144,0.012,0.0136,0.017599999999999998,0.0216,0.0136,0.0152,0.29256544,0.07348863,0.22067082,0.033813488,0.004560452,0.028,0.0128,0.016,0.052000000000000005,0.0264,0.0144,0.0184,0.48648447,0.061866987,0.4305949,0.006040605,0.0152,0.50776595,0.010400000000000001,0.017599999999999998,0.0184,0.0264,0.012,0.020800000000000003,0.4921948,0.071011715,0.42442858
-0.08022139,0.0059923343,0.0128,0.0096,0.016,0.016,0.0224,0.012,0.017599999999999998,0.31915325,0.06703074,0.25258416,0.033725828,0.004416205,0.031200000000000002,0.0144,0.0128,0.02,0.02,0.016800000000000002,0.016,0.37389246,0.058133706,0.31800294,0.0063110907,0.0184,0.4584192,0.0136,0.0144,0.0192,0.024,0.0144,0.017599999999999998,0.45166075,0.09571888,0.35727286
-0.07997753,0.006081313,0.0096,0.0096,0.0152,0.016,0.024,0.012,0.0184,0.316213,0.05777584,0.25818694,0.03367226,0.0044697747,0.028,0.0152,0.0136,0.09999999999999999,0.0248,0.016,0.016,0.41708413,0.064143084,0.35388952,0.006226987,0.0112,0.21672921,0.010400000000000001,0.016800000000000002,0.017599999999999998,0.0256,0.012,0.0184,0.39850384,0.066847965,0.33171263
-0.07974763,0.0060733184,0.0152,0.0112,0.0144,0.016800000000000002,0.0224,0.0128,0.016800000000000002,0.4035171,0.07988952,0.3247437,0.03371122,0.004778672,0.032,0.0136,0.0128,0.0184,0.0224,0.0152,0.016,0.40409422,0.05095907,0.35527787,0.006325289,0.017599999999999998,0.3403921,0.0112,0.017599999999999998,0.0184,0.0248,0.0136,0.02,0.5152744,0.08833262,0.42799982
-0.079703696,0.0060293823,0.0128,0.0096,0.016800000000000002,0.0144,0.0248,0.0112,0.0192,0.3998552,0.06584832,0.33406273,0.033723738,0.0046502016,0.031200000000000002,0.0144,0.0136,0.0896,0.0216,0.0152,0.016,0.36293828,0.054504696,0.31041142,0.006416567,0.024,0.6412794,0.016800000000000002,0.0136,0.0232,0.0224,0.0184,0.0144,0.53753376,0.12636682,0.4125519
-0.07969638,0.0058001652,0.0528,0.0136,0.0128,0.0192,0.0216,0.016,0.016,0.430762,0.10244429,0.33379304,0.033755045,0.004502941,0.0648,0.0112,0.016800000000000002,0.016800000000000002,0.0256,0.0128,0.017599999999999998,0.3904773,0.042039607,0.3512851,0.006234171,0.0552,0.50122917,0.0136,0.0152,0.0216,0.0248,0.0152,0.017599999999999998,0.56540096,0.1041173,0.46781212
-0.079741426,0.005734265,0.0136,0.0096,0.016800000000000002,0.016,0.0248,0.0112,0.0192,0.35592863,0.06508556,0.29157853,0.033745077,0.00451291,0.032,0.0144,0.0144,0.3424,0.0224,0.016,0.016800000000000002,0.4416668,0.05922899,0.3877485,0.006226237,0.017599999999999998,0.40019777,0.0112,0.017599999999999998,0.02,0.0264,0.0136,0.02,0.49987817,0.0835424,0.41802734
-0.07981886,0.005478855,0.0136,0.0112,0.016,0.016800000000000002,0.024,0.0136,0.0184,0.3978015,0.07117272,0.3283477,0.033804905,0.0046849884,0.0296,0.0128,0.0144,0.0192,0.024,0.0136,0.017599999999999998,0.4216116,0.05507196,0.3696645,0.0060480144,0.0192,0.55317813,0.0128,0.016,0.02,0.024,0.0152,0.0192,0.5599852,0.095910296,0.46834826
-0.07990163,0.005339727,0.016,0.0128,0.0144,0.0192,0.02,0.0152,0.016,0.33361906,0.08127634,0.2526267,0.03378009,0.004245989,0.031200000000000002,0.0144,0.0144,0.020800000000000003,0.024,0.016,0.016800000000000002,0.41529232,0.060655594,0.35731566,0.0057494086,0.016800000000000002,0.42884657,0.0112,0.0184,0.0192,0.028,0.0136,0.0192,0.4760962,0.079398416,0.39677513
-0.080003045,0.005330194,0.0184,0.0136,0.0128,0.0192,0.020800000000000003,0.0144,0.016800000000000002,0.45340085,0.0801012,0.3751822,0.033797253,0.00399692,0.033600000000000005,0.0152,0.0152,0.1752,0.0288,0.016800000000000002,0.0184,0.49842927,0.06200502,0.43998873,0.0057021454,0.0184,0.36318552,0.010400000000000001,0.017599999999999998,0.0192,0.0272,0.0136,0.02,0.6008944,0.07466242,0.5289725
-0.08002722,0.00468868,0.016,0.012,0.0152,0.0192,0.0232,0.0128,0.017599999999999998,0.33406383,0.06470512,0.26938087,0.033813488,0.0038647298,0.0328,0.0152,0.0128,0.3792,0.0248,0.017599999999999998,0.0192,0.42085478,0.06302419,0.36079094,0.0051083313,0.0232,0.6984867,0.0144,0.0152,0.0224,0.0256,0.017599999999999998,0.0192,0.5264662,0.092644736,0.43516698
-0.08009512,0.004867524,0.0128,0.0096,0.016,0.016,0.0248,0.012,0.0192,0.38565066,0.054581236,0.3312859,0.03381279,0.0038654264,0.033600000000000005,0.0184,0.012,0.4272,0.0232,0.020800000000000003,0.0144,0.41627574,0.07468705,0.34542823,0.005308986,0.016800000000000002,0.46023464,0.012,0.017599999999999998,0.0184,0.028,0.0136,0.02,0.5304154,0.07236066,0.4593761
-0.08012863,0.004457243,0.0136,0.008799999999999999,0.017599999999999998,0.016,0.0264,0.0112,0.02,0.36740756,0.04737035,0.32202962,0.03383181,0.0038464088,0.0304,0.012,0.016,0.42879999999999996,0.0304,0.0144,0.0192,0.41650608,0.047719028,0.37337142,0.0050156107,0.024,0.67920685,0.016,0.0136,0.0224,0.0272,0.0192,0.0184,0.5475084,0.09259385,0.45918876
-0.08015837,0.0041541345,0.0144,0.0096,0.017599999999999998,0.24400000000000002,0.0256,0.010400000000000001,0.02,0.37450948,0.04847963,0.3286878,0.033815347,0.0036309622,0.0288,0.010400000000000001,0.0184,0.3608,0.0304,0.012,0.02,0.39905095,0.037024293,0.3643809,0.0047309906,0.0248,0.66928905,0.016800000000000002,0.0136,0.0224,0.0272,0.0184,0.016800000000000002,0.54129654,0.09144324,0.4535813
-0.08030038,0.004074253,0.016800000000000002,0.0128,0.0144,0.1456,0.02,0.0144,0.016800000000000002,0.28020522,0.05981928,0.21996018,0.03388654,0.00355977,0.031200000000000002,0.0128,0.017599999999999998,0.38,0.031200000000000002,0.0152,0.0192,0.3840367,0.048619222,0.3391627,0.004696876,0.024,0.6873156,0.0152,0.0128,0.024,0.0264,0.017599999999999998,0.017599999999999998,0.4602428,0.084869765,0.37677878
-0.08052938,0.0037485063,0.0144,0.0096,0.016,0.3488,0.0256,0.010400000000000001,0.020800000000000003,0.32136196,0.041400198,0.2793125,0.033948455,0.0036138091,0.035199999999999995,0.016800000000000002,0.010400000000000001,0.212,0.0184,0.0184,0.012,0.35731536,0.06241834,0.29226556,0.0044086683,0.0224,0.7233474,0.0136,0.016800000000000002,0.1984,0.028,0.0152,0.02,0.4773973,0.06736798,0.40917805
-0.08066962,0.0036668517,0.0128,0.0072,0.017599999999999998,0.2376,0.0272,0.0096,0.0216,0.3171501,0.03537042,0.28319985,0.033943124,0.0035031848,0.0328,0.0152,0.0112,0.316,0.0256,0.0192,0.017599999999999998,0.43308723,0.056549583,0.37754554,0.004278947,0.0256,0.8292229,0.016,0.0136,0.1448,0.0328,0.0184,0.017599999999999998,0.5335802,0.081687264,0.45405912
-0.08102954,0.003693927,0.0184,0.017599999999999998,0.008799999999999999,0.28640000000000004,0.016,0.0184,0.012,0.34600404,0.07086987,0.27621746,0.033955187,0.0032592155,0.0296,0.016800000000000002,0.0144,0.3952,0.0272,0.0184,0.017599999999999998,0.4113998,0.054845404,0.35748145,0.004496288,0.0184,0.6066713,0.0128,0.016,0.25120000000000003,0.0256,0.016,0.0184,0.51881355,0.06790707,0.45163006
-0.08132022,0.0034298599,0.0152,0.0128,0.012,0.2632,0.020800000000000003,0.0144,0.016,0.2907417,0.047637515,0.24480905,0.033979997,0.0030024983,0.0256,0.0112,0.0192,0.4024,0.0368,0.0144,0.0224,0.37992293,0.037755392,0.3431657,0.003846467,0.024,0.8487284,0.016800000000000002,0.0128,0.272,0.1016,0.0184,0.017599999999999998,0.4772718,0.07581634,0.4030927
-0.081650175,0.0032050759,0.0144,0.0128,0.0136,0.29760000000000003,0.0216,0.0136,0.017599999999999998,0.34548944,0.039273918,0.30643559,0.03402012,0.0028464235,0.028,0.0136,0.016800000000000002,0.3896,0.0296,0.016,0.017599999999999998,0.4394631,0.042807665,0.4006187,0.003677619,0.017599999999999998,0.6246441,0.010400000000000001,0.0184,0.3512,0.033600000000000005,0.016,0.0216,0.5372529,0.047938775,0.49187136
-0.08187939,0.0028795488,0.0144,0.010400000000000001,0.0136,0.412,0.0192,0.012,0.017599999999999998,0.23448269,0.03596628,0.19798067,0.034028232,0.0027223565,0.0304,0.0152,0.0128,0.38799999999999996,0.0256,0.016800000000000002,0.0152,0.36183614,0.046284527,0.31673026,0.003481945,0.0216,0.75041914,0.0144,0.0128,0.3632,0.0328,0.016,0.020800000000000003,0.41825384,0.05698778,0.36154905
-0.08211417,0.0030033775,0.0136,0.012,0.0128,0.396,0.02,0.0136,0.016,0.3329043,0.03752171,0.29618037,0.034030784,0.0029517114,0.0272,0.0136,0.0144,0.3504,0.0264,0.0144,0.0192,0.39575145,0.04122196,0.35876232,0.0034394772,0.0136,0.50905067,0.0096,0.0192,0.38239999999999996,0.031200000000000002,0.012,0.02,0.48356342,0.034332514,0.4507612
-0.08209419,0.0027615055,0.012,0.0072,0.016,0.412,0.0232,0.010400000000000001,0.0184,0.29040572,0.02655549,0.26488757,0.034040987,0.0029415078,0.0232,0.0064,0.0184,0.3528,0.032,0.010400000000000001,0.0232,0.39122966,0.02141341,0.37546,0.0036117737,0.0232,0.9517324,0.0136,0.0136,0.4072,0.0232,0.0152,0.016800000000000002,0.48714066,0.05412412,0.43895265
-0.08208332,0.0026396848,0.016,0.012,0.010400000000000001,0.4128,0.0192,0.016,0.0152,0.26882946,0.039258014,0.23077413,0.03403125,0.0029512458,0.0288,0.012,0.0128,0.3064,0.0272,0.0152,0.016800000000000002,0.33301836,0.04200667,0.2912751,0.0032963238,0.0232,0.9701334,0.0144,0.012,0.39280000000000004,0.0232,0.016800000000000002,0.0152,0.42666674,0.05417911,0.37374693
-0.08189893,0.0027881376,0.0128,0.008,0.0152,0.412,0.024,0.010400000000000001,0.016,0.31592944,0.027191289,0.28852516,0.03394846,0.002570223,0.031200000000000002,0.0192,0.0152,0.41040000000000004,0.0248,0.0192,0.0184,0.4084462,0.04411726,0.36623916,0.0032350288,0.0224,0.7090663,0.0136,0.0136,0.33039999999999997,0.028,0.016,0.017599999999999998,0.5057307,0.05447202,0.45228502
-0.08162688,0.002737984,0.0152,0.0136,0.0112,0.4032,0.0152,0.0152,0.0112,0.2821949,0.037598405,0.24502718,0.033918776,0.0025999062,0.0288,0.016800000000000002,0.0136,0.4256,0.0256,0.017599999999999998,0.016,0.3828193,0.044664294,0.34014845,0.0031493977,0.0152,0.5168754,0.010400000000000001,0.0152,0.4032,0.028,0.0128,0.0184,0.43450737,0.037386473,0.39858508
-0.08139943,0.0025105402,0.0096,0.008,0.016800000000000002,0.4072,0.0264,0.0096,0.02,0.24375178,0.02113967,0.2218949,0.033834126,0.0025686026,0.024,0.010400000000000001,0.0136,0.41759999999999997,0.0304,0.0136,0.0192,0.34009522,0.031372443,0.31017926,0.0031941342,0.0192,0.8206049,0.0128,0.016,0.37679999999999997,0.0288,0.0152,0.017599999999999998,0.4149843,0.046131365,0.36836338
-0.08113338,0.0025773346,0.0184,0.0128,0.008,0.3792,0.017599999999999998,0.016,0.010400000000000001,0.23903845,0.037643712,0.20120503,0.033859406,0.0024273694,0.0304,0.0152,0.0136,0.4224,0.0344,0.016,0.016800000000000002,0.32125032,0.035075016,0.2856526,0.0028722922,0.0184,0.45716056,0.0112,0.0144,0.412,0.0224,0.0128,0.0192,0.35629198,0.03697603,0.31886333
-0.08087221,0.0026490055,0.0136,0.010400000000000001,0.010400000000000001,0.412,0.0192,0.0136,0.0136,0.24064718,0.03149739,0.21080203,0.03373371,0.002437111,0.0248,0.0136,0.016,0.39840000000000003,0.0256,0.0136,0.017599999999999998,0.29759777,0.028009553,0.26953706,0.0029409921,0.0136,0.4493759,0.0096,0.0136,0.4016,0.0272,0.010400000000000001,0.0192,0.34603286,0.029997569,0.31748858
-0.080694914,0.00058558583,1.3024,1.6360000000000001,0.0016,1.6992,0.0016,1.6912,0.0016,-0.0036038011,0.0031739995,-0.01304514,0.033690345,0.0006252229,0.25279999999999997,0.6416000000000001,0.0008,0.6456000000000001,0.0016,0.6416000000000001,0.0016,0.015772475,0.0034644678,0.012409827,0.0007031905,1.5519999999999998,-2.6970491,1.9496,0.0008,1.9520000000000002,0.0008,1.9496,0.0008,-0.0035293505,-0.00058798236,0.0048603076
-0.080694474,0.0025822222,0.012,0.0072,0.0144,0.4024,0.024,0.010400000000000001,0.016800000000000002,0.3666365,0.022534836,0.34699863,0.0336006,0.0023383163,0.0264,0.0096,0.016800000000000002,0.4208,0.033600000000000005,0.0144,0.016800000000000002,0.36519554,0.025449222,0.34455585,0.0027923963,0.012,0.39046168,0.0064,0.0184,0.408,0.0304,0.0072,0.0232,0.47804007,0.020374872,0.46093953
-0.08055534,0.0025540367,0.0144,0.0112,0.008799999999999999,0.4072,0.0152,0.0136,0.0136,0.20914176,0.032215048,0.17652291,0.033571843,0.0023670718,0.0256,0.0128,0.0144,0.424,0.028,0.0128,0.0192,0.36391893,0.03029257,0.33794534,0.0028504,0.02,0.8466656,0.0128,0.0144,0.4184,0.0248,0.016800000000000002,0.0184,0.41115594,0.042336244,0.3701496
-0.08062325,0.002289094,0.0128,0.0128,0.010400000000000001,0.4128,0.0184,0.0144,0.0152,0.2764926,0.028082505,0.24831168,0.033597812,0.0022251494,0.024,0.0112,0.0144,0.4224,0.033600000000000005,0.0144,0.02,0.34444445,0.02779414,0.3164997,0.002875507,0.0184,0.7113474,0.0136,0.0152,0.4184,0.0256,0.0144,0.016,0.43431067,0.041681416,0.39251775
-0.08051939,0.0027399845,0.0096,0.0056,0.016,0.404,0.024,0.008,0.016,0.21568549,0.018789366,0.19660236,0.033646747,0.0025240742,0.031200000000000002,0.0152,0.008,0.43119999999999997,0.0224,0.0192,0.0112,0.31678572,0.041737683,0.27585417,0.0031375396,0.016800000000000002,0.5773174,0.0112,0.016,0.3488,0.0272,0.0128,0.0192,0.35362402,0.03735638,0.31494242
-0.08058019,0.0025788844,0.0064,0.008,0.016800000000000002,0.3296,0.024,0.008799999999999999,0.0184,0.21002334,0.014861759,0.19526719,0.033623092,0.0024317764,0.0256,0.012,0.012,0.4136,0.028,0.0144,0.017599999999999998,0.3417171,0.031435482,0.3115692,0.0028600914,0.016,0.60219336,0.012,0.0144,0.4072,0.0256,0.016,0.016800000000000002,0.36664534,0.040314108,0.3267149
-0.08051518,0.002735775,0.0112,0.008799999999999999,0.016800000000000002,0.41119999999999995,0.020800000000000003,0.0112,0.016800000000000002,0.2654541,0.026207466,0.23971406,0.033678055,0.0026087202,0.024,0.008799999999999999,0.0144,0.4168,0.0264,0.0112,0.017599999999999998,0.31800333,0.026198532,0.29087025,0.0030741245,0.024,1.0133445,0.0152,0.012,0.4208,0.0192,0.016800000000000002,0.0144,0.4102915,0.05496866,0.3556885
-0.080483004,0.0028145462,0.0112,0.0096,0.012,0.4016,0.0184,0.0128,0.0136,0.19161285,0.030083947,0.1613239,0.03367991,0.0024909116,0.0232,0.0112,0.012,0.4224,0.0264,0.0128,0.02,0.3227575,0.030609163,0.29492867,0.003278948,0.016800000000000002,0.7123036,0.0128,0.0128,0.4128,0.0232,0.0136,0.0144,0.35597128,0.0440786,0.31370407
-0.080441944,0.0034391768,0.010400000000000001,0.008799999999999999,0.0136,0.39840000000000003,0.0224,0.010400000000000001,0.016,0.22627269,0.031617366,0.19465238,0.033648834,0.003101755,0.0256,0.0112,0.0152,0.384,0.0232,0.012,0.016,0.32032356,0.031307448,0.2921469,0.003949093,0.017599999999999998,0.61860657,0.0112,0.0136,0.40559999999999996,0.020800000000000003,0.012,0.016800000000000002,0.37009728,0.05206464,0.3214584
-0.08046258,0.0036817081,0.0112,0.0112,0.0112,0.3888,0.0184,0.012,0.0128,0.2206719,0.04122573,0.17995383,0.033671096,0.0033113994,0.0248,0.0112,0.0136,0.4088,0.0216,0.0144,0.016,0.31139603,0.03586421,0.27753764,0.004014381,0.016800000000000002,0.53188014,0.0128,0.012,0.3944,0.020800000000000003,0.0152,0.0144,0.34811312,0.06037773,0.2908015
-0.08038959,0.003719665,0.0472,0.010400000000000001,0.012,0.3512,0.0192,0.0128,0.0144,0.22051899,0.048266783,0.17270018,0.033624716,0.0032418258,0.06,0.010400000000000001,0.0136,0.3792,0.0232,0.0136,0.016,0.3024657,0.031174108,0.27057856,0.004011669,0.0472,0.38389912,0.008799999999999999,0.0152,0.3552,0.0232,0.010400000000000001,0.0192,0.31775278,0.042995602,0.27489126
-0.08047679,0.0038068667,0.0448,0.008799999999999999,0.0152,0.412,0.020800000000000003,0.010400000000000001,0.016,0.2883591,0.041880142,0.24664247,0.03368339,0.0031831525,0.0584,0.008799999999999999,0.016800000000000002,0.3776,0.0264,0.0128,0.017599999999999998,0.3293078,0.021798752,0.31307435,0.004115115,0.0528,0.61417556,0.0128,0.0128,0.2336,0.0216,0.0136,0.016,0.42543626,0.06385736,0.3649865
-0.08051097,0.0038410425,0.0136,0.012,0.012,0.017599999999999998,0.0184,0.0144,0.0136,0.21558143,0.04976494,0.16687506,0.03372675,0.003371697,0.024,0.0112,0.016800000000000002,0.0768,0.0256,0.012,0.017599999999999998,0.32589242,0.03355007,0.29215002,0.0042695706,0.0136,0.45187023,0.010400000000000001,0.0152,0.016800000000000002,0.0248,0.0112,0.0184,0.3362445,0.04569802,0.29131284
-0.08063522,0.0040762424,0.0464,0.0112,0.0152,0.436,0.0224,0.012,0.017599999999999998,0.38421178,0.053911973,0.33450684,0.033804677,0.0034097247,0.064,0.0152,0.0112,0.4248,0.0224,0.016800000000000002,0.016,0.36600614,0.046552896,0.32437888,0.0046780743,0.052000000000000005,0.5592859,0.012,0.0144,0.0512,0.0232,0.0136,0.017599999999999998,0.51986694,0.07063546,0.45523074
-0.08089218,0.004222259,0.012,0.0096,0.0144,0.0152,0.0216,0.012,0.016800000000000002,0.34993672,0.04813394,0.3046698,0.033815112,0.003631197,0.0256,0.0112,0.0144,0.33039999999999997,0.0256,0.0112,0.0184,0.3622392,0.03700212,0.32687348,0.004575407,0.0144,0.45430195,0.010400000000000001,0.0152,0.016800000000000002,0.0256,0.012,0.0192,0.47340512,0.053561542,0.42262417
-0.08104285,0.0042619742,0.0136,0.0128,0.0128,0.24159999999999998,0.0192,0.0136,0.0144,0.23382634,0.055700384,0.17724264,0.033914834,0.0035314765,0.028,0.0136,0.0144,0.4096,0.0256,0.0144,0.016800000000000002,0.31017312,0.046376634,0.26471946,0.0047244583,0.0152,0.49782124,0.010400000000000001,0.016800000000000002,0.017599999999999998,0.0232,0.012,0.0184,0.35355723,0.05674269,0.29634848
-0.08119729,0.004638318,0.0136,0.010400000000000001,0.0144,0.324,0.0224,0.012,0.016800000000000002,0.3058355,0.056106947,0.24991748,0.033982087,0.0038120858,0.0288,0.0128,0.0152,0.31679999999999997,0.0224,0.0144,0.016800000000000002,0.36038136,0.046095572,0.3173627,0.005090588,0.02,0.60240424,0.0128,0.0144,0.0216,0.0232,0.0144,0.016800000000000002,0.45620215,0.08075245,0.3781165
-0.08151105,0.0050630234,0.0112,0.0072,0.0152,0.0144,0.024,0.0096,0.0192,0.3444412,0.046806518,0.299729,0.033947296,0.0038468763,0.0304,0.016,0.0128,0.3744,0.020800000000000003,0.016,0.0144,0.36989516,0.05712895,0.31597683,0.005308772,0.020800000000000003,0.55630153,0.0152,0.012,0.36479999999999996,0.0224,0.016,0.0152,0.48782706,0.094557226,0.39731717
-0.08148642,0.0049274415,0.012,0.008799999999999999,0.016800000000000002,0.0144,0.0248,0.010400000000000001,0.0184,0.32408088,0.04961394,0.2734884,0.034048643,0.0039774366,0.0304,0.0144,0.0144,0.41600000000000004,0.0224,0.016800000000000002,0.016,0.33539492,0.05235015,0.2853031,0.005278689,0.0232,0.6992674,0.016800000000000002,0.0136,0.0216,0.0216,0.017599999999999998,0.016800000000000002,0.463903,0.09847893,0.36610413
-0.081580944,0.0051329173,0.0136,0.0096,0.0152,0.016,0.024,0.0112,0.0184,0.38521016,0.05697066,0.32773885,0.03397072,0.0040553585,0.033600000000000005,0.016,0.010400000000000001,0.2832,0.0216,0.0184,0.0144,0.38595212,0.06422755,0.32542446,0.0053876615,0.0216,0.59319526,0.0144,0.0136,0.0216,0.0224,0.016,0.016800000000000002,0.5351527,0.09214458,0.44376266
-0.0813868,0.005160667,0.0136,0.010400000000000001,0.0152,0.016,0.0232,0.012,0.0184,0.31804684,0.059439495,0.25968787,0.033969097,0.0040569827,0.028,0.010400000000000001,0.0152,0.35359999999999997,0.0264,0.012,0.02,0.37847424,0.040419087,0.3396299,0.005483548,0.016,0.34487346,0.0112,0.017599999999999998,0.0184,0.0256,0.0128,0.0192,0.4272733,0.06911571,0.3592093
-0.08118509,0.0054027513,0.0128,0.010400000000000001,0.017599999999999998,0.016,0.024,0.0112,0.02,0.34194946,0.061258722,0.28159353,0.03395727,0.004184764,0.0296,0.0136,0.0152,0.4032,0.0248,0.0152,0.016800000000000002,0.39917263,0.05163761,0.35186362,0.0057956576,0.016,0.37033316,0.0112,0.016800000000000002,0.017599999999999998,0.0256,0.0136,0.02,0.4632386,0.07536378,0.38975134
-0.08091193,0.0059062317,0.0152,0.0112,0.0144,0.016800000000000002,0.0216,0.0128,0.0152,0.350541,0.07937762,0.27254423,0.03393176,0.0044421814,0.031200000000000002,0.0144,0.0136,0.3368,0.024,0.016,0.016,0.38966578,0.05694368,0.33841437,0.0061672595,0.0152,0.2919818,0.010400000000000001,0.016800000000000002,0.016800000000000002,0.0272,0.012,0.02,0.44787002,0.07344428,0.37671247
-0.0804941,0.005932197,0.0144,0.008799999999999999,0.016,0.0152,0.0232,0.010400000000000001,0.0184,0.34549707,0.06683807,0.27837324,0.033865433,0.0045085065,0.032,0.0128,0.0136,0.4128,0.0232,0.0144,0.017599999999999998,0.40334788,0.049312763,0.35522726,0.0063233334,0.0184,0.35356766,0.0112,0.016,0.017599999999999998,0.0248,0.0128,0.0192,0.4637838,0.08624855,0.37903747
-0.080289505,0.0058385506,0.0136,0.010400000000000001,0.016,0.0152,0.024,0.0128,0.0184,0.39075923,0.070519716,0.32197118,0.033806298,0.0045676418,0.032,0.0144,0.0128,0.188,0.0216,0.016,0.016,0.41929027,0.0606066,0.3650241,0.006215845,0.016800000000000002,0.3502085,0.0112,0.016800000000000002,0.017599999999999998,0.0256,0.0136,0.0184,0.51089644,0.08555555,0.42924497
-0.079939134,0.005599126,0.016,0.0128,0.0144,0.017599999999999998,0.0224,0.0128,0.016800000000000002,0.3659676,0.07769948,0.28941315,0.03380166,0.004340373,0.0304,0.0128,0.0152,0.28080000000000005,0.024,0.0152,0.0184,0.40560758,0.050372064,0.35702312,0.005823189,0.0184,0.4409092,0.012,0.016,0.0192,0.0264,0.0152,0.02,0.5040658,0.08500557,0.42052844
-0.07978469,0.005444683,0.016,0.0112,0.0136,0.0184,0.02,0.0136,0.016800000000000002,0.3262445,0.074166834,0.25079957,0.033779863,0.0043621697,0.0272,0.0096,0.016800000000000002,0.2408,0.0304,0.0112,0.0216,0.38079035,0.032592133,0.3501787,0.00573803,0.016,0.32113832,0.010400000000000001,0.016800000000000002,0.1352,0.028,0.012,0.0192,0.42976108,0.06826699,0.3607718
-0.079756506,0.005305551,0.0144,0.0112,0.0152,0.0184,0.0216,0.0144,0.017599999999999998,0.3909771,0.06898324,0.32329857,0.033725593,0.0040685795,0.0264,0.010400000000000001,0.017599999999999998,0.42160000000000003,0.028,0.0136,0.020800000000000003,0.39447764,0.03941311,0.35748857,0.005591875,0.016,0.4296431,0.0112,0.016800000000000002,0.02,0.0288,0.0144,0.02,0.5197612,0.0725292,0.4492524
-0.07970992,0.005148012,0.0152,0.0128,0.012,0.0184,0.020800000000000003,0.0144,0.016,0.34683198,0.06985325,0.2766016,0.033768963,0.003793301,0.0272,0.0112,0.0184,0.4208,0.0304,0.0128,0.02,0.3591658,0.040963527,0.31997356,0.0054609566,0.0152,0.34018123,0.0112,0.017599999999999998,0.0184,0.0272,0.0128,0.020800000000000003,0.446795,0.06517575,0.38190463
-0.07972678,0.0046101324,0.0144,0.0128,0.0152,0.1192,0.0216,0.0144,0.017599999999999998,0.33007443,0.062235028,0.26883087,0.03374693,0.0036993772,0.0304,0.0144,0.0152,0.4096,0.0248,0.0152,0.017599999999999998,0.38995165,0.05523462,0.3387003,0.0051760296,0.0232,0.7043088,0.016,0.0128,0.128,0.0248,0.0184,0.016,0.5040328,0.098425746,0.40917304
-0.07982596,0.0045983642,0.0496,0.0096,0.0184,0.19679999999999997,0.0248,0.012,0.02,0.38948002,0.053549234,0.33955324,0.03377685,0.0037854128,0.0688,0.0152,0.0144,0.42160000000000003,0.0232,0.017599999999999998,0.017599999999999998,0.33759642,0.050040223,0.29075128,0.005001212,0.0592,0.6659275,0.016,0.0152,0.2064,0.0272,0.017599999999999998,0.016800000000000002,0.51482856,0.08901523,0.43151617
-0.079835504,0.004496962,0.0152,0.012,0.0136,0.3368,0.0232,0.0152,0.017599999999999998,0.3717871,0.06336354,0.31120923,0.033833664,0.0037286002,0.032,0.016,0.0136,0.3832,0.0224,0.0184,0.016,0.3948229,0.06299056,0.33939716,0.005018495,0.020800000000000003,0.5921301,0.0152,0.016,0.3424,0.0264,0.016,0.017599999999999998,0.52885413,0.0864363,0.4477492
-0.08001657,0.004234232,0.0136,0.0096,0.016800000000000002,0.016,0.024,0.012,0.0192,0.350702,0.047573287,0.30377078,0.03375458,0.0034598224,0.0296,0.0128,0.016,0.3344,0.028,0.0144,0.020800000000000003,0.39152318,0.045222703,0.34792468,0.0046837013,0.020800000000000003,0.5420381,0.0136,0.0152,0.0224,0.0248,0.016,0.017599999999999998,0.5024122,0.077316515,0.4276317
-0.07998307,0.0040897876,0.0136,0.010400000000000001,0.0184,0.0448,0.024,0.0112,0.020800000000000003,0.37795067,0.044673905,0.33601213,0.03386242,0.003467938,0.0328,0.0152,0.0128,0.39999999999999997,0.0256,0.017599999999999998,0.016,0.38879445,0.058119167,0.33383256,0.0044924063,0.0224,0.66503835,0.0152,0.0144,0.3896,0.0248,0.017599999999999998,0.020800000000000003,0.53732765,0.07865108,0.4614668
-0.080108434,0.0043260977,0.017599999999999998,0.0128,0.0128,0.2656,0.02,0.0152,0.0152,0.3184163,0.06377573,0.25695089,0.033752266,0.0035780892,0.0288,0.012,0.017599999999999998,0.3176,0.031200000000000002,0.0136,0.020800000000000003,0.39337134,0.041614253,0.35348338,0.0047006663,0.017599999999999998,0.4019092,0.012,0.016,0.25120000000000003,0.0272,0.0136,0.0192,0.44692105,0.06054787,0.38921952
-0.080087796,0.0040835626,0.0128,0.012,0.0152,0.3088,0.024,0.012,0.0184,0.39069718,0.049471375,0.34321126,0.033785194,0.0035451632,0.0304,0.016800000000000002,0.012,0.408,0.0232,0.017599999999999998,0.0184,0.4476412,0.056795448,0.39395478,0.004336041,0.0128,0.34293383,0.0096,0.0192,0.3088,0.0296,0.012,0.0224,0.5184678,0.04687088,0.47378588
-0.080098234,0.0037611574,0.0128,0.0112,0.0152,0.3744,0.024,0.0128,0.016800000000000002,0.3023381,0.04520045,0.2561835,0.033883292,0.0033311099,0.0264,0.012,0.016,0.42160000000000003,0.0304,0.0144,0.0216,0.40166378,0.040818408,0.3608482,0.004133561,0.0144,0.48844007,0.010400000000000001,0.02,0.28719999999999996,0.028,0.0128,0.0224,0.45546475,0.048609085,0.40564018
-0.08022382,0.003775794,0.016,0.0128,0.0144,0.33599999999999997,0.0232,0.0144,0.0152,0.3764434,0.054546624,0.32296622,0.033843637,0.0033707656,0.0272,0.012,0.0216,0.33599999999999997,0.0304,0.0144,0.0216,0.45621943,0.040395863,0.41865054,0.0043181954,0.016800000000000002,0.5066157,0.0112,0.0184,0.31039999999999995,0.031200000000000002,0.0128,0.02,0.55052614,0.054736447,0.49703562
-0.080416426,0.0035246052,0.0112,0.008,0.017599999999999998,0.316,0.0256,0.012,0.02,0.33239478,0.03514307,0.29755694,0.033809315,0.00317318,0.031200000000000002,0.016,0.012,0.3888,0.024,0.0216,0.016800000000000002,0.4176056,0.057892486,0.36368728,0.0042718323,0.0192,0.687025,0.0136,0.016800000000000002,0.16799999999999998,0.0264,0.0144,0.017599999999999998,0.52184856,0.063450575,0.45979175
-0.08063101,0.0032953955,0.0136,0.0096,0.016,0.2712,0.0256,0.012,0.0184,0.3707398,0.03671669,0.33401585,0.03387726,0.0031052344,0.0288,0.0128,0.0144,0.41600000000000004,0.0272,0.0144,0.017599999999999998,0.40143397,0.042564265,0.36166197,0.0038063468,0.0216,0.766963,0.0144,0.0152,0.4088,0.0272,0.0152,0.02,0.5455164,0.062091574,0.48543316
-0.08088841,0.002998054,0.0096,0.0072,0.0192,0.3968,0.0256,0.008799999999999999,0.020800000000000003,0.28830776,0.023439497,0.26567426,0.03389837,0.00285222,0.0224,0.008,0.020800000000000003,0.4096,0.0344,0.0096,0.0256,0.37423792,0.023856675,0.35046747,0.0036152252,0.0224,0.909093,0.0152,0.0144,0.4096,0.028,0.016800000000000002,0.0192,0.47240782,0.060245104,0.41247734
-0.08124389,0.0030206852,0.0152,0.0112,0.0128,0.4144,0.020800000000000003,0.0144,0.0152,0.28785878,0.040196028,0.24869397,0.033852447,0.0027821884,0.0264,0.0128,0.017599999999999998,0.4184,0.031200000000000002,0.0144,0.020800000000000003,0.38433102,0.034299336,0.35290766,0.0034026226,0.0192,0.6600977,0.0128,0.0152,0.4184,0.028,0.0144,0.0192,0.46305844,0.05120772,0.41429198
-0.08157429,0.0031291917,0.016,0.0144,0.012,0.40559999999999996,0.0184,0.0152,0.0128,0.33473313,0.04583061,0.29035378,0.033950314,0.0030321814,0.0256,0.0112,0.016800000000000002,0.3632,0.035199999999999995,0.0136,0.0192,0.39256066,0.03661809,0.35777465,0.0037076103,0.016800000000000002,0.5661142,0.0112,0.016,0.18080000000000002,0.0264,0.0144,0.02,0.4930644,0.047550224,0.44754523
-0.08180861,0.0031416155,0.0112,0.010400000000000001,0.012,0.41119999999999995,0.0216,0.0112,0.016,0.32518873,0.031334493,0.29523262,0.03396562,0.0030168742,0.0272,0.0136,0.012,0.4096,0.0256,0.016800000000000002,0.017599999999999998,0.40508193,0.046568237,0.3615994,0.0037143454,0.0184,0.7578363,0.0128,0.0144,0.40480000000000005,0.0264,0.0144,0.016800000000000002,0.5146263,0.052374613,0.46470705
-0.0819635,0.0030746087,0.0144,0.0112,0.012,0.4032,0.020800000000000003,0.0136,0.0152,0.3014535,0.03958827,0.26350912,0.034000408,0.002866134,0.0304,0.016,0.0112,0.4128,0.0272,0.016800000000000002,0.0136,0.39835566,0.048617333,0.35464126,0.0035742018,0.0144,0.5350906,0.008799999999999999,0.017599999999999998,0.4032,0.0288,0.010400000000000001,0.020800000000000003,0.46244615,0.03600139,0.42968732
-0.08213902,0.0030282326,0.0112,0.0056,0.016,0.392,0.0256,0.008799999999999999,0.02,0.3542099,0.022757377,0.33290777,0.033962373,0.0027882159,0.028,0.012,0.016,0.4144,0.0304,0.0144,0.0192,0.39302492,0.03508868,0.36461636,0.003396607,0.02,0.8015982,0.0096,0.017599999999999998,0.4016,0.0288,0.0128,0.02,0.52875006,0.0442674,0.4892192
-0.08211549,0.0027828068,0.0128,0.0128,0.0112,0.412,0.017599999999999998,0.0136,0.0144,0.3145913,0.03409575,0.2820834,0.033972345,0.0025463365,0.0232,0.012,0.016,0.4144,0.0288,0.0144,0.0184,0.36919576,0.033955794,0.33719262,0.0032154631,0.016,0.70450765,0.0112,0.016800000000000002,0.4072,0.0256,0.0136,0.0192,0.4788096,0.042481642,0.43816245
-0.08201986,0.0025762208,0.012,0.0112,0.012,0.4088,0.016800000000000002,0.0136,0.0152,0.2798115,0.03132074,0.25041014,0.03390161,0.0027330257,0.0264,0.0144,0.0128,0.4248,0.0248,0.016,0.0144,0.36937502,0.041721333,0.32867536,0.003080769,0.0136,0.5804308,0.010400000000000001,0.0152,0.41040000000000004,0.0296,0.0112,0.0216,0.4365452,0.034745704,0.4028742
-0.0817061,0.002817206,0.0096,0.0072,0.0152,0.4032,0.0256,0.008799999999999999,0.0184,0.33684298,0.020381708,0.31820363,0.033894654,0.0023921207,0.0264,0.0112,0.016800000000000002,0.42,0.0368,0.0144,0.02,0.41401443,0.03232672,0.38224322,0.0032093127,0.02,0.78841704,0.012,0.0152,0.4136,0.0256,0.0144,0.0184,0.5310987,0.04566716,0.48861432
-0.081518374,0.0028513782,0.0136,0.012,0.0112,0.4024,0.0192,0.0136,0.0136,0.26306218,0.032274954,0.23055428,0.03387123,0.0027634054,0.032,0.0184,0.008799999999999999,0.4256,0.0224,0.0192,0.012,0.34682202,0.04826925,0.30020875,0.003333361,0.017599999999999998,0.71429664,0.010400000000000001,0.0152,0.39359999999999995,0.0264,0.0112,0.0192,0.42595604,0.03968812,0.3864687
-0.08121814,0.0028839894,0.008799999999999999,0.008799999999999999,0.012,0.3944,0.0232,0.010400000000000001,0.017599999999999998,0.2647701,0.02340272,0.2421366,0.033779863,0.0025069118,0.0264,0.0152,0.0112,0.424,0.0232,0.017599999999999998,0.0152,0.38137013,0.043651797,0.34067047,0.0031358893,0.010400000000000001,0.40355203,0.008799999999999999,0.0184,0.396,0.031200000000000002,0.010400000000000001,0.02,0.39326087,0.028163297,0.36607975
-0.08102332,0.0025782213,0.012,0.0096,0.0136,0.41119999999999995,0.0224,0.010400000000000001,0.0152,0.25379568,0.025137614,0.22805563,0.03370867,0.0024621524,0.0272,0.0136,0.012,0.4184,0.024,0.016,0.017599999999999998,0.30721623,0.032809645,0.2760248,0.0029055453,0.0152,0.5564048,0.010400000000000001,0.0192,0.4064,0.031200000000000002,0.0112,0.0216,0.37776512,0.032377433,0.3446775
-0.080759704,0.0025365017,0.008,0.0064,0.017599999999999998,0.4016,0.0272,0.0064,0.020800000000000003,0.23947984,0.0146030225,0.22660983,0.033746,0.0023088679,0.024,0.0112,0.0192,0.42,0.0256,0.012,0.020800000000000003,0.35296717,0.023000635,0.3330232,0.0028707394,0.02,0.80884945,0.0136,0.016,0.41600000000000004,0.0248,0.0144,0.016800000000000002,0.42068985,0.04166614,0.38315237
-0.08061948,0.0025072247,0.010400000000000001,0.008,0.0152,0.3792,0.0232,0.010400000000000001,0.017599999999999998,0.27588513,0.022164743,0.25624728,0.033707503,0.0024633184,0.0256,0.0128,0.016800000000000002,0.41600000000000004,0.0216,0.0128,0.0184,0.30913758,0.029777907,0.27910566,0.0032068952,0.017599999999999998,0.6732138,0.010400000000000001,0.0144,0.38480000000000003,0.0264,0.012,0.016,0.4084409,0.03930653,0.37203723
-0.08043374,0.0026543327,0.010400000000000001,0.010400000000000001,0.0136,0.41040000000000004,0.020800000000000003,0.012,0.0152,0.17618832,0.027960371,0.14778551,0.033723272,0.0025635026,0.0224,0.010400000000000001,0.0136,0.41759999999999997,0.0264,0.012,0.016,0.2862954,0.029686995,0.25823468,0.0032091097,0.017599999999999998,0.7620734,0.0128,0.0136,0.2832,0.0232,0.0152,0.016,0.32512057,0.046339072,0.27819493
-0.08050231,0.0028338507,0.008,0.008,0.016,0.3992,0.0232,0.0096,0.02,0.21419004,0.018464077,0.1957726,0.033677824,0.0024929978,0.024,0.010400000000000001,0.0144,0.4152,0.0248,0.012,0.0184,0.2954492,0.026901184,0.26993945,0.0032377082,0.016,0.6322004,0.0112,0.0152,0.4072,0.0248,0.016,0.0184,0.3473806,0.03952559,0.30791482
-0.08052295,0.0031873323,0.012,0.0112,0.0112,0.3696,0.0216,0.0136,0.0144,0.27504745,0.034718066,0.2398768,0.033716317,0.0025704578,0.0256,0.0128,0.012,0.41119999999999995,0.0232,0.016800000000000002,0.017599999999999998,0.30403364,0.03262659,0.27365386,0.0034150765,0.0144,0.58111846,0.0096,0.0136,0.3624,0.0232,0.010400000000000001,0.0192,0.39680022,0.038128052,0.3589836
-0.08066252,0.0032159537,0.008799999999999999,0.008,0.016,0.3712,0.0216,0.008799999999999999,0.0184,0.3660788,0.024724457,0.34211388,0.03365602,0.002862662,0.0264,0.0136,0.012,0.272,0.020800000000000003,0.0136,0.0144,0.2778304,0.032200858,0.24536344,0.0035649315,0.016800000000000002,0.57376415,0.0112,0.0136,0.3792,0.0232,0.0128,0.017599999999999998,0.4582619,0.04799108,0.41151577
-0.08048722,0.003706351,0.012,0.0096,0.0136,0.0144,0.02,0.0128,0.016,0.2768779,0.040062454,0.23882255,0.03372606,0.0032564364,0.0272,0.0136,0.0136,0.3264,0.0232,0.0152,0.0144,0.3099453,0.03847985,0.27411574,0.0040345085,0.016800000000000002,0.5805479,0.010400000000000001,0.0128,0.3584,0.0224,0.012,0.016,0.40151432,0.05247281,0.35150844
-0.08049343,0.0037125573,0.0072,0.0096,0.0144,0.348,0.0224,0.0112,0.016800000000000002,0.21995293,0.026423246,0.19432381,0.033768266,0.003214229,0.020800000000000003,0.008,0.016800000000000002,0.41600000000000004,0.024,0.0112,0.017599999999999998,0.2501127,0.026984679,0.22309561,0.0038094514,0.0144,0.64380664,0.010400000000000001,0.0152,0.3552,0.024,0.0144,0.016800000000000002,0.3260508,0.049597055,0.27786052
-0.08042819,0.0035363697,0.0128,0.012,0.0128,0.38480000000000003,0.0184,0.0136,0.0136,0.21584837,0.044821378,0.17013763,0.033789832,0.0031926632,0.0288,0.0144,0.010400000000000001,0.4224,0.0192,0.016,0.0112,0.2944669,0.04571168,0.25017276,0.0039747637,0.017599999999999998,0.67923635,0.0112,0.0144,0.3896,0.0224,0.0144,0.016800000000000002,0.35292527,0.055062782,0.29760224
-0.08041932,0.0036384463,0.012,0.0136,0.010400000000000001,0.38,0.0184,0.0136,0.0128,0.2654451,0.045257,0.22184236,0.033675734,0.0030748546,0.0248,0.0128,0.0144,0.41119999999999995,0.0224,0.0152,0.016,0.35870522,0.04105429,0.3204406,0.0039617196,0.012,0.40677717,0.0096,0.0152,0.053599999999999995,0.0232,0.012,0.0184,0.38570726,0.04247106,0.34497428
-0.08036229,0.003914263,0.016,0.0136,0.012,0.38799999999999996,0.017599999999999998,0.0144,0.012,0.24109286,0.056650303,0.18306682,0.033741597,0.0032408983,0.0288,0.0136,0.0144,0.352,0.020800000000000003,0.016,0.016,0.32670003,0.04141856,0.28773972,0.004329197,0.016,0.44139996,0.0112,0.016,0.017599999999999998,0.024,0.0128,0.017599999999999998,0.3575533,0.05112155,0.30573273
-0.08033255,0.0044392645,0.012,0.0096,0.0152,0.016,0.0224,0.012,0.017599999999999998,0.31785855,0.046951067,0.27414483,0.03375366,0.0038086027,0.028,0.0128,0.0136,0.37679999999999997,0.0232,0.0152,0.016800000000000002,0.39105,0.044712685,0.3534811,0.004702162,0.016,0.4014521,0.0112,0.016,0.0184,0.0224,0.0128,0.0184,0.44539195,0.06356485,0.3880632
-0.08037649,0.0044832043,0.0144,0.0112,0.012,0.0184,0.0184,0.0144,0.0152,0.24175772,0.05972845,0.180847,0.033800963,0.0034134388,0.0232,0.008,0.0192,0.3888,0.028,0.008799999999999999,0.020800000000000003,0.33110866,0.025475254,0.30780205,0.0047855885,0.0144,0.35738862,0.010400000000000001,0.016,0.016800000000000002,0.0248,0.0112,0.0184,0.34231332,0.05526014,0.28594095
-0.080451496,0.0044472627,0.0128,0.0112,0.0128,0.016800000000000002,0.0216,0.0136,0.016800000000000002,0.27682233,0.055512473,0.22234663,0.03386845,0.00357786,0.024,0.010400000000000001,0.0184,0.3784,0.0272,0.0128,0.02,0.36177522,0.03393724,0.32907638,0.0049578412,0.016800000000000002,0.59190303,0.012,0.0152,0.0192,0.0232,0.0136,0.0184,0.43157873,0.06726258,0.36552972
-0.0807404,0.004403323,0.012,0.0096,0.016,0.16799999999999998,0.024,0.012,0.0192,0.33839098,0.0497404,0.28912985,0.033897437,0.0037807804,0.028,0.0128,0.0144,0.4016,0.024,0.0144,0.017599999999999998,0.32542616,0.045362182,0.28008842,0.0050098095,0.016,0.49716073,0.0112,0.016,0.017599999999999998,0.0264,0.012,0.02,0.4526316,0.062436365,0.39073443
-0.080991596,0.004876416,0.048,0.0096,0.0144,0.4016,0.0232,0.012,0.0184,0.30300963,0.05870551,0.24154422,0.0339197,0.0039904267,0.061599999999999995,0.0096,0.016800000000000002,0.4224,0.0272,0.012,0.020800000000000003,0.35592282,0.03535185,0.3249633,0.0053884527,0.053599999999999995,0.5280423,0.0128,0.0152,0.0192,0.024,0.0136,0.0184,0.44106755,0.08099518,0.35979342
-0.08118597,0.0049598366,0.0448,0.008,0.017599999999999998,0.0136,0.0256,0.0096,0.020800000000000003,0.3457113,0.046534277,0.30188662,0.034015242,0.0040108375,0.062400000000000004,0.0128,0.016,0.43360000000000004,0.0248,0.0128,0.0184,0.3781897,0.04267363,0.33957723,0.0054570087,0.0512,0.47659555,0.012,0.016,0.02,0.0248,0.0128,0.0192,0.48068297,0.07537094,0.40927446
-0.08130047,0.0051852874,0.0152,0.010400000000000001,0.0144,0.056,0.024,0.0112,0.016,0.35048416,0.062351223,0.2892406,0.034093168,0.0040488653,0.031200000000000002,0.0136,0.0136,0.3744,0.024,0.0152,0.016,0.3420061,0.04786584,0.29434925,0.0055243424,0.0184,0.4545514,0.010400000000000001,0.016,0.0592,0.0232,0.012,0.02,0.46505624,0.07228299,0.39377084
-0.081461795,0.005124718,0.0184,0.0136,0.0112,0.29760000000000003,0.02,0.0152,0.0152,0.32225823,0.08314159,0.24060017,0.034080643,0.004177343,0.033600000000000005,0.0152,0.012,0.3992,0.0224,0.016800000000000002,0.0152,0.39314336,0.06053846,0.33644214,0.005579404,0.0184,0.4065102,0.012,0.016,0.29760000000000003,0.0272,0.0136,0.02,0.4514476,0.075339004,0.37786546
-0.08146468,0.005238548,0.012,0.010400000000000001,0.0128,0.016,0.0232,0.0112,0.016800000000000002,0.29402027,0.056055676,0.23987742,0.034047943,0.004325997,0.0288,0.0144,0.0144,0.3656,0.0224,0.016,0.016800000000000002,0.41940898,0.057059422,0.3656066,0.0057164268,0.017599999999999998,0.53908896,0.0128,0.0136,0.0184,0.0256,0.0136,0.0184,0.46762678,0.08324043,0.38794434
-0.08135727,0.0053530373,0.016800000000000002,0.0128,0.0144,0.016800000000000002,0.020800000000000003,0.0136,0.0152,0.28324646,0.07757596,0.2052497,0.03408528,0.0040567517,0.0272,0.008799999999999999,0.017599999999999998,0.4096,0.0304,0.0128,0.0224,0.3576618,0.030788489,0.32867348,0.0058291233,0.0192,0.45264727,0.012,0.0144,0.248,0.0248,0.0136,0.0184,0.411144,0.0835847,0.3275947
-0.081225246,0.00544291,0.0136,0.0112,0.0152,0.016,0.0216,0.012,0.017599999999999998,0.3189219,0.066012785,0.25202,0.03401177,0.0042462163,0.028,0.0112,0.0152,0.3448,0.0256,0.0136,0.0184,0.37151408,0.046694405,0.3265242,0.0056695393,0.016,0.34682336,0.0112,0.0152,0.017599999999999998,0.0232,0.0136,0.0184,0.42621452,0.07683998,0.3492539
-0.0810038,0.0051105134,0.010400000000000001,0.0072,0.0192,0.0128,0.028,0.0096,0.020800000000000003,0.34001067,0.040363807,0.30051303,0.033958893,0.0040671863,0.0304,0.0136,0.012,0.4264,0.024,0.016,0.017599999999999998,0.3586458,0.054369215,0.3051913,0.0055929017,0.0216,0.54671276,0.0144,0.0136,0.0232,0.0216,0.016800000000000002,0.016800000000000002,0.47690362,0.09869965,0.37874502
-0.08058241,0.005132921,0.012,0.010400000000000001,0.0152,0.016800000000000002,0.0224,0.0112,0.0184,0.27492976,0.056579277,0.21845701,0.033930603,0.004095476,0.0272,0.012,0.016,0.30960000000000004,0.024,0.0136,0.0184,0.3598019,0.04868646,0.3117972,0.0052705617,0.012,0.22903906,0.0096,0.0184,0.016,0.0272,0.0112,0.020800000000000003,0.34944,0.054043382,0.29552147
-0.08038094,0.0048204996,0.0144,0.012,0.0144,0.017599999999999998,0.0224,0.0136,0.017599999999999998,0.32609114,0.06369171,0.26262861,0.033905555,0.003772663,0.0288,0.0136,0.0152,0.1384,0.024,0.0152,0.0184,0.388446,0.046299763,0.34589112,0.0051066745,0.0144,0.33636528,0.0096,0.0184,0.017599999999999998,0.028,0.012,0.0216,0.436027,0.05892258,0.3779579
-0.080129296,0.004679803,0.0144,0.012,0.0144,0.2128,0.0216,0.0136,0.016800000000000002,0.2874659,0.061159205,0.22588952,0.03383946,0.003838757,0.0264,0.010400000000000001,0.016800000000000002,0.3112,0.0304,0.0112,0.02,0.38293904,0.037626706,0.3440947,0.0051705055,0.0224,0.6819442,0.0152,0.0136,0.2208,0.0232,0.017599999999999998,0.016800000000000002,0.46454164,0.09237438,0.37072235
-0.07987567,0.0046480782,0.017599999999999998,0.0128,0.0128,0.3176,0.0224,0.0144,0.0144,0.3538723,0.07052642,0.28264338,0.033784267,0.0037779976,0.0288,0.0112,0.017599999999999998,0.016800000000000002,0.028,0.0128,0.02,0.4111158,0.036751717,0.38201153,0.0051730326,0.017599999999999998,0.45440805,0.010400000000000001,0.0184,0.0152,0.0288,0.0112,0.0216,0.49841297,0.062341597,0.43777144
-0.07970637,0.0043678284,0.016,0.012,0.0152,0.0184,0.0216,0.0136,0.016,0.30401078,0.060285136,0.24243437,0.03377012,0.0034442805,0.0264,0.008799999999999999,0.020800000000000003,0.38239999999999996,0.0328,0.0112,0.0232,0.37940082,0.029595032,0.35157204,0.0047337953,0.0192,0.50367326,0.012,0.016,0.020800000000000003,0.0272,0.0144,0.02,0.4493736,0.06985028,0.37954873
-0.079663314,0.0043247715,0.0144,0.0112,0.0152,0.28640000000000004,0.0216,0.0136,0.016,0.3835496,0.056654736,0.32774255,0.033791687,0.0034227148,0.024,0.008,0.020800000000000003,0.3608,0.0384,0.0096,0.0256,0.37401104,0.030442474,0.34189197,0.004707542,0.017599999999999998,0.5586232,0.0128,0.017599999999999998,0.1928,0.0272,0.0136,0.02,0.52347755,0.06612238,0.4591258
-0.0796287,0.0038463622,0.0152,0.012,0.016,0.3464,0.0224,0.0136,0.016800000000000002,0.37611687,0.052000683,0.32485867,0.0337896,0.003424801,0.0272,0.010400000000000001,0.017599999999999998,0.2328,0.0304,0.0128,0.0216,0.4162748,0.036319435,0.38206857,0.004315641,0.0272,0.91666824,0.0184,0.0128,0.2176,0.0248,0.020800000000000003,0.016,0.5592018,0.09084326,0.47150126
-0.07960207,0.003930684,0.0152,0.0128,0.0128,0.0392,0.0224,0.0136,0.016,0.3198649,0.054046556,0.26672056,0.033741362,0.003241133,0.028,0.0136,0.0152,0.4152,0.033600000000000005,0.016,0.0192,0.43309075,0.044563327,0.39041993,0.0043947706,0.016,0.46370977,0.0112,0.017599999999999998,0.2208,0.0272,0.0128,0.020800000000000003,0.47979513,0.054190718,0.4265597
-0.07971258,0.0038192943,0.0112,0.010400000000000001,0.0144,0.24,0.024,0.0128,0.017599999999999998,0.32230878,0.041931454,0.2818126,0.033754352,0.003576003,0.028,0.0152,0.0144,0.424,0.0272,0.0184,0.017599999999999998,0.46172714,0.05686356,0.40815666,0.004467117,0.017599999999999998,0.6346059,0.0144,0.016,0.24639999999999998,0.028,0.016,0.0192,0.5332966,0.067996524,0.46809125
-0.07982175,0.0038175173,0.008799999999999999,0.0096,0.0184,0.12319999999999999,0.0248,0.0112,0.0192,0.34682843,0.032894913,0.31531903,0.033716086,0.0033823624,0.031200000000000002,0.0192,0.008799999999999999,0.4208,0.0216,0.0224,0.0112,0.4266532,0.06987707,0.36137143,0.004382758,0.0128,0.5628899,0.010400000000000001,0.0192,0.1272,0.0288,0.0128,0.024,0.52099454,0.047523826,0.4759344
-0.07996266,0.0037365332,0.0152,0.012,0.0144,0.1176,0.0248,0.0144,0.0152,0.3825087,0.05024677,0.334468,0.033835754,0.003262695,0.0304,0.0152,0.0136,0.3688,0.031200000000000002,0.017599999999999998,0.017599999999999998,0.4195755,0.054642282,0.36844006,0.0041751037,0.02,0.66216904,0.0136,0.017599999999999998,0.23920000000000002,0.028,0.016800000000000002,0.02,0.55963665,0.06649842,0.49715862
-0.07994668,0.0036096051,0.016,0.0136,0.0144,0.3192,0.0224,0.0136,0.0144,0.29418752,0.052997977,0.24071036,0.033814415,0.0030521266,0.0264,0.0112,0.0184,0.3584,0.0296,0.0144,0.0216,0.36798006,0.037641536,0.33006328,0.0041884063,0.016,0.5319715,0.010400000000000001,0.017599999999999998,0.1424,0.032,0.012,0.0232,0.44018513,0.049111307,0.39098084
-0.08007649,0.0037394166,0.016800000000000002,0.012,0.0144,0.017599999999999998,0.0216,0.0144,0.0184,0.36181283,0.0533424,0.31066564,0.03380305,0.0030634925,0.0288,0.0112,0.0184,0.41759999999999997,0.0304,0.0136,0.020800000000000003,0.35389477,0.039206296,0.3177173,0.004083553,0.017599999999999998,0.58408487,0.012,0.0192,0.4064,0.032,0.0128,0.0224,0.49698085,0.050639242,0.44994447
-0.08009091,0.0036428832,0.0144,0.012,0.0136,0.312,0.0216,0.0144,0.016,0.38760036,0.050039113,0.33889398,0.03375528,0.0031112619,0.0328,0.017599999999999998,0.010400000000000001,0.30400000000000005,0.0216,0.0216,0.0128,0.42972404,0.06506286,0.36873254,0.0043021506,0.0224,0.7701392,0.016,0.0144,0.1672,0.028,0.0184,0.0184,0.57741386,0.078599036,0.50216144
-0.0801881,0.0032962821,0.010400000000000001,0.008,0.017599999999999998,0.29760000000000003,0.024,0.0112,0.02,0.35221013,0.02953785,0.32314163,0.033732552,0.0030180365,0.0256,0.012,0.0184,0.3736,0.0296,0.0144,0.0216,0.42021728,0.038948335,0.3823005,0.0038529206,0.017599999999999998,0.6469328,0.0128,0.016,0.1512,0.0296,0.0152,0.0192,0.5343237,0.05488374,0.48089856
-0.08031658,0.003202863,0.0152,0.012,0.0136,0.3688,0.02,0.0136,0.0184,0.29756746,0.042880744,0.25540704,0.033741828,0.0030087605,0.032,0.0152,0.0096,0.3632,0.0272,0.0184,0.0152,0.40630323,0.05251769,0.3576028,0.0036759314,0.020800000000000003,0.72186166,0.0144,0.0144,0.3744,0.0304,0.0152,0.02,0.49182555,0.058723893,0.4346245
-0.08045615,0.0033424348,0.0144,0.0128,0.0128,0.19679999999999997,0.020800000000000003,0.0144,0.016,0.24791624,0.041746385,0.20442443,0.03381511,0.0029354803,0.0256,0.0128,0.016,0.4144,0.0328,0.0136,0.0224,0.3490252,0.03259603,0.31957301,0.0037849513,0.0152,0.48839882,0.0096,0.016800000000000002,0.3,0.028,0.012,0.02,0.38269815,0.04242906,0.33956733
-0.080761924,0.0029825158,0.016800000000000002,0.0128,0.0136,0.408,0.020800000000000003,0.0152,0.0144,0.3023891,0.04354971,0.26222572,0.03385917,0.003007371,0.0288,0.0128,0.0144,0.41600000000000004,0.033600000000000005,0.0152,0.0192,0.3984208,0.037649743,0.3602721,0.003636033,0.02,0.6089196,0.0112,0.016,0.41119999999999995,0.0272,0.0136,0.020800000000000003,0.47592896,0.05205141,0.42688724
-0.08100867,0.0030073673,0.010400000000000001,0.0072,0.016800000000000002,0.4032,0.0248,0.008,0.0216,0.23825963,0.023784887,0.21407285,0.033931296,0.0027033389,0.0256,0.010400000000000001,0.016,0.4152,0.0272,0.0128,0.02,0.31011936,0.028993964,0.27950767,0.0034335663,0.0192,0.62451464,0.012,0.0152,0.412,0.0264,0.0144,0.0192,0.3746153,0.049504884,0.3245423
-0.08125388,0.0030306764,0.0112,0.0096,0.0128,0.4064,0.0224,0.0128,0.0184,0.26828378,0.030779887,0.23877147,0.033925034,0.0029415078,0.0232,0.0096,0.016,0.42160000000000003,0.033600000000000005,0.0136,0.02,0.31412068,0.028486568,0.2861759,0.0035759094,0.0144,0.55948967,0.0096,0.016800000000000002,0.3712,0.028,0.010400000000000001,0.02,0.3940982,0.03925264,0.35634896
-0.08167769,0.0032325909,0.0152,0.0112,0.010400000000000001,0.2552,0.0184,0.0128,0.016,0.2779216,0.039784275,0.23886773,0.033947762,0.0030347332,0.0296,0.012,0.0144,0.3896,0.0224,0.017599999999999998,0.0152,0.36223993,0.043524772,0.32200408,0.003527273,0.0152,0.4116643,0.008,0.016,0.40480000000000005,0.0272,0.0112,0.0192,0.39964786,0.0378649,0.36292875
-0.081841014,0.003174018,0.016,0.012,0.0128,0.3864,0.0192,0.0152,0.0128,0.26850113,0.042289212,0.2248984,0.034024525,0.00295797,0.0288,0.0144,0.0128,0.3056,0.0232,0.0144,0.017599999999999998,0.32890058,0.039349906,0.28970832,0.0035923724,0.017599999999999998,0.48742083,0.010400000000000001,0.0152,0.35600000000000004,0.0224,0.0136,0.017599999999999998,0.3912726,0.045905665,0.34451103
-0.0820243,0.0029135086,0.0128,0.012,0.008799999999999999,0.4032,0.0184,0.0128,0.0144,0.2784833,0.036408886,0.24131559,0.0339684,0.0028981417,0.028,0.016800000000000002,0.0096,0.42,0.024,0.016800000000000002,0.0128,0.36960495,0.047516637,0.32519478,0.0034873332,0.0184,0.87034035,0.012,0.0144,0.3632,0.0264,0.0152,0.0192,0.46208185,0.049140904,0.41428843
-0.082060695,0.0028389543,0.0128,0.0128,0.0136,0.41040000000000004,0.020800000000000003,0.0136,0.016,0.2705012,0.034994144,0.2352196,0.033941038,0.0025776438,0.0304,0.017599999999999998,0.0112,0.4024,0.0152,0.020800000000000003,0.012,0.36554313,0.050409578,0.31904584,0.0032924947,0.0184,0.6520251,0.0144,0.0152,0.3624,0.0232,0.016800000000000002,0.016800000000000002,0.43682027,0.051912542,0.38768476
-0.08199389,0.002994053,0.012,0.010400000000000001,0.012,0.3688,0.02,0.0128,0.0136,0.2527913,0.033815924,0.21861918,0.03396353,0.0029030107,0.0224,0.010400000000000001,0.016,0.3112,0.0264,0.0128,0.0184,0.3133082,0.029221224,0.28431988,0.0034715575,0.02,0.8779408,0.0136,0.012,0.3736,0.0232,0.016,0.016800000000000002,0.40253437,0.054582037,0.34756678
-0.08172584,0.0027260035,0.0112,0.008,0.0152,0.3816,0.02,0.0112,0.016800000000000002,0.159597,0.02640349,0.12775478,0.033980463,0.002538219,0.0232,0.0112,0.0184,0.39999999999999997,0.0256,0.0112,0.020800000000000003,0.24100846,0.022820769,0.21862945,0.003133602,0.0144,0.58353555,0.008,0.017599999999999998,0.38480000000000003,0.0272,0.010400000000000001,0.02,0.26597717,0.03153142,0.22929262
-0.08155987,0.0031147674,0.0152,0.012,0.0096,0.4088,0.017599999999999998,0.0136,0.0112,0.18589449,0.041761678,0.14107129,0.033931762,0.0027028732,0.0232,0.008,0.016800000000000002,0.4144,0.028,0.0112,0.020800000000000003,0.31139252,0.023305465,0.28588277,0.003573846,0.0232,0.8576276,0.0152,0.010400000000000001,0.39280000000000004,0.020800000000000003,0.017599999999999998,0.0136,0.35712227,0.060462225,0.2928986
-0.08140365,0.0030694976,0.0152,0.012,0.0096,0.3408,0.016800000000000002,0.0152,0.012,0.2784245,0.04212201,0.2369298,0.033818822,0.0026998594,0.024,0.0096,0.0136,0.4208,0.0224,0.0128,0.017599999999999998,0.3049584,0.02812104,0.27747747,0.003544379,0.0152,0.52361274,0.0096,0.0152,0.41119999999999995,0.0248,0.0112,0.016800000000000002,0.39360365,0.03905244,0.35534933
-0.08107391,0.0031835511,0.010400000000000001,0.010400000000000001,0.012,0.396,0.0184,0.012,0.0144,0.23415405,0.031067979,0.20319942,0.03381488,0.0025878474,0.0224,0.0128,0.0152,0.42,0.0248,0.0144,0.0192,0.3472221,0.031180318,0.31869757,0.0034534347,0.0136,0.5402156,0.010400000000000001,0.0136,0.41119999999999995,0.024,0.0136,0.0152,0.3793936,0.040776473,0.34006473
-0.08085424,0.0031857789,0.0136,0.010400000000000001,0.012,0.3728,0.02,0.0128,0.0128,0.23427112,0.0406225,0.19555011,0.033768266,0.002634462,0.024,0.012,0.017599999999999998,0.424,0.0272,0.012,0.020800000000000003,0.35203576,0.024535751,0.32872915,0.0035609114,0.0136,0.46314326,0.008,0.017599999999999998,0.38480000000000003,0.0248,0.010400000000000001,0.02,0.36686763,0.035682008,0.3328992
-0.08077946,0.0036657453,0.008799999999999999,0.0048,0.016,0.3696,0.0248,0.0064,0.017599999999999998,0.25818712,0.021572907,0.23799449,0.033715393,0.0029192418,0.0248,0.010400000000000001,0.0152,0.38239999999999996,0.0256,0.0112,0.0184,0.29243356,0.0230116,0.26750362,0.0038652204,0.0216,0.76878226,0.0136,0.0128,0.3376,0.020800000000000003,0.0144,0.0128,0.38889152,0.059413727,0.32960987
-0.08054758,0.0036557578,0.0096,0.008799999999999999,0.0144,0.0144,0.0224,0.0112,0.016,0.2306138,0.032885194,0.1974402,0.033714235,0.003384214,0.0248,0.0128,0.012,0.3944,0.020800000000000003,0.0136,0.0152,0.33782816,0.03858527,0.30130285,0.0041093817,0.0128,0.47430006,0.0096,0.0152,0.2752,0.024,0.010400000000000001,0.0192,0.3594484,0.04169206,0.31884372
-0.080690034,0.0037982129,0.0096,0.008,0.0152,0.2096,0.0224,0.010400000000000001,0.016800000000000002,0.28197956,0.032375693,0.24980448,0.033693593,0.003172949,0.0248,0.010400000000000001,0.0136,0.41759999999999997,0.0224,0.0136,0.016800000000000002,0.30287087,0.031224383,0.2714475,0.0041468414,0.0152,0.47525808,0.010400000000000001,0.0136,0.14959999999999998,0.020800000000000003,0.012,0.016800000000000002,0.38931307,0.05258244,0.33674034
-0.08061415,0.003833279,0.010400000000000001,0.008799999999999999,0.0144,0.3808,0.0232,0.010400000000000001,0.016800000000000002,0.23327886,0.03452172,0.19888483,0.03372235,0.0031441934,0.028,0.0128,0.012,0.4272,0.020800000000000003,0.016,0.0144,0.25962138,0.03803969,0.22100896,0.0042063845,0.0184,0.5877847,0.0112,0.0136,0.3888,0.0216,0.0144,0.0152,0.3380929,0.061179735,0.27805662
-0.080580644,0.0037997738,0.0112,0.0096,0.012,0.17200000000000001,0.0192,0.012,0.0128,0.1380311,0.042767648,0.09476118,0.033701245,0.003397204,0.0256,0.012,0.010400000000000001,0.41119999999999995,0.020800000000000003,0.0152,0.0136,0.31023538,0.042848986,0.27011552,0.0042926953,0.0192,0.75233406,0.0152,0.010400000000000001,0.0864,0.0192,0.0152,0.0136,0.31277362,0.0681661,0.24515636
-0.08057976,0.0039098337,0.012,0.0112,0.0112,0.3744,0.0192,0.0136,0.0136,0.25719097,0.045888428,0.21059264,0.033754583,0.003227912,0.0272,0.0128,0.0112,0.3992,0.020800000000000003,0.0144,0.012,0.2967846,0.04458318,0.25573713,0.004226278,0.0136,0.3894328,0.010400000000000001,0.0144,0.19999999999999998,0.020800000000000003,0.0128,0.017599999999999998,0.35061204,0.049184065,0.30209342
-0.08059883,0.003817957,0.0144,0.0144,0.0112,0.0184,0.016800000000000002,0.0152,0.012,0.2816985,0.05452186,0.22700089,0.033766877,0.0032156184,0.0264,0.0112,0.0128,0.4128,0.0264,0.0136,0.017599999999999998,0.3178271,0.038862422,0.28072205,0.0040934472,0.0144,0.36896887,0.010400000000000001,0.0136,0.1104,0.024,0.0136,0.016800000000000002,0.37736568,0.05111078,0.32668385
-0.080672055,0.004113082,0.016,0.0128,0.012,0.0184,0.0184,0.016,0.0128,0.2818073,0.06550838,0.21701342,0.033736724,0.0034776777,0.0296,0.0136,0.0112,0.3112,0.0216,0.016,0.0152,0.33580565,0.04878217,0.28930837,0.0046257703,0.0192,0.61423963,0.0128,0.0144,0.0192,0.020800000000000003,0.0144,0.016800000000000002,0.42383364,0.071568236,0.3539272
-0.080465026,0.004460793,0.0128,0.012,0.0136,0.3896,0.020800000000000003,0.0136,0.0152,0.26355714,0.0530662,0.21096757,0.033775687,0.0035546683,0.0272,0.012,0.0144,0.3864,0.0256,0.0128,0.016800000000000002,0.32409126,0.040387042,0.2880298,0.0050093257,0.0152,0.47235832,0.0096,0.016,0.016800000000000002,0.0232,0.0112,0.0192,0.38215458,0.057014555,0.32656702
-0.08042864,0.0042025074,0.0112,0.0096,0.0144,0.016,0.0216,0.0112,0.0184,0.29828718,0.044300854,0.2536859,0.033757366,0.0035729893,0.024,0.0096,0.016800000000000002,0.316,0.028,0.012,0.02,0.34223843,0.03239972,0.31162676,0.0046459534,0.017599999999999998,0.66785914,0.012,0.0152,0.0192,0.0232,0.0128,0.0184,0.44615048,0.06490365,0.38212484
-0.080382705,0.004267521,0.010400000000000001,0.0072,0.016800000000000002,0.284,0.024,0.010400000000000001,0.020800000000000003,0.28414088,0.038835533,0.24586366,0.033756435,0.0035739206,0.028,0.0128,0.0144,0.392,0.0256,0.0144,0.017599999999999998,0.36439013,0.04496341,0.32021195,0.004592792,0.020800000000000003,0.7787891,0.0136,0.0136,0.020800000000000003,0.0224,0.016,0.016800000000000002,0.4581957,0.074855365,0.3852983
-0.0804799,0.0046975613,0.0496,0.0112,0.0144,0.016,0.0216,0.012,0.017599999999999998,0.36546865,0.059033662,0.31276816,0.03378914,0.003773125,0.0648,0.012,0.0152,0.3088,0.024,0.0136,0.016,0.36455724,0.04287256,0.33046696,0.0050542,0.053599999999999995,0.5705016,0.012,0.016,0.016800000000000002,0.024,0.0136,0.017599999999999998,0.50447017,0.068965055,0.4461369
-0.08056776,0.004785426,0.0152,0.0128,0.0128,0.2432,0.0192,0.0152,0.0152,0.3440474,0.07073048,0.27636883,0.033807695,0.0041024312,0.0288,0.0112,0.012,0.3376,0.0232,0.0144,0.016800000000000002,0.40467322,0.049474858,0.36014712,0.005148562,0.016,0.37782708,0.012,0.016,0.017599999999999998,0.024,0.0128,0.0184,0.46906582,0.070086956,0.4031052
-0.080589294,0.0049179047,0.0112,0.010400000000000001,0.016,0.016,0.0216,0.0128,0.017599999999999998,0.3699642,0.05132084,0.32059214,0.033914134,0.003880037,0.0232,0.008799999999999999,0.0184,0.4128,0.0256,0.010400000000000001,0.020800000000000003,0.4399888,0.030889811,0.4128557,0.0053123645,0.0184,0.642771,0.0128,0.0144,0.02,0.0232,0.0144,0.016800000000000002,0.5598695,0.081173114,0.4841051
-0.08085846,0.004965175,0.012,0.008799999999999999,0.0144,0.016,0.0224,0.0112,0.016800000000000002,0.27316925,0.052287955,0.22102347,0.033924803,0.0038693696,0.032,0.016,0.010400000000000001,0.38480000000000003,0.017599999999999998,0.017599999999999998,0.012,0.30640858,0.062823586,0.2449533,0.0051531903,0.016,0.4015522,0.0112,0.016800000000000002,0.28159999999999996,0.0232,0.0128,0.0184,0.3711992,0.06925163,0.30195847
-0.081110746,0.004995562,0.0096,0.0112,0.0136,0.0992,0.0216,0.0128,0.0152,0.31414884,0.050959945,0.26422203,0.033933844,0.004092235,0.024,0.012,0.0136,0.39359999999999995,0.024,0.0128,0.017599999999999998,0.4327437,0.050527982,0.38705805,0.005352816,0.0152,0.55414593,0.0136,0.0152,0.02,0.0224,0.0144,0.016,0.49485373,0.078565925,0.41977456
-0.08131822,0.004870195,0.017599999999999998,0.0128,0.0128,0.26080000000000003,0.02,0.0152,0.0144,0.34760332,0.075967774,0.27293497,0.033976052,0.003934074,0.0264,0.008,0.0184,0.4128,0.0288,0.0112,0.020800000000000003,0.40317494,0.028828906,0.37708542,0.0053798226,0.020800000000000003,0.56721294,0.0128,0.0152,0.0192,0.024,0.0152,0.0184,0.50978845,0.083748326,0.42853832
-0.08153014,0.005193062,0.016800000000000002,0.012,0.012,0.0192,0.0216,0.0144,0.0144,0.35321265,0.075547844,0.27987576,0.034035653,0.00410638,0.0264,0.008799999999999999,0.016800000000000002,0.33599999999999997,0.0272,0.010400000000000001,0.02,0.34803802,0.028369466,0.31997728,0.0056063277,0.0184,0.43588743,0.012,0.0136,0.0184,0.0248,0.0128,0.0192,0.46713263,0.077380486,0.3924363
-0.08159759,0.005260512,0.0496,0.010400000000000001,0.0136,0.016800000000000002,0.020800000000000003,0.0128,0.016,0.35464686,0.06997165,0.2885216,0.034041222,0.003868904,0.0648,0.0128,0.0144,0.432,0.0216,0.0144,0.017599999999999998,0.32762575,0.041006394,0.29179618,0.0055163493,0.0528,0.4192464,0.012,0.0144,0.0184,0.0248,0.0128,0.017599999999999998,0.45730036,0.07879364,0.38378748
-0.08151904,0.004738167,0.0152,0.0128,0.012,0.02,0.0184,0.016,0.0136,0.28985298,0.071940534,0.21684891,0.033994608,0.0037995633,0.0256,0.0112,0.016800000000000002,0.4096,0.0264,0.0136,0.0184,0.3944745,0.04668007,0.35110795,0.0052634836,0.0152,0.45057684,0.012,0.016,0.0192,0.024,0.0128,0.0184,0.4327122,0.067567766,0.36558035
-0.081438705,0.004435938,0.016800000000000002,0.0128,0.0128,0.1832,0.0184,0.016,0.0152,0.35486203,0.06985546,0.28685063,0.034023594,0.0037705768,0.032,0.016,0.012,0.192,0.024,0.016800000000000002,0.0136,0.41273952,0.05910386,0.35731375,0.0050894995,0.016800000000000002,0.51236767,0.0112,0.016800000000000002,0.1832,0.0264,0.012,0.0184,0.5116352,0.061617132,0.45247108
-0.08110942,0.004550446,0.0128,0.0096,0.016800000000000002,0.38,0.024,0.0112,0.0184,0.34333476,0.049286038,0.29407364,0.034052815,0.0037413556,0.0296,0.0136,0.016,0.24,0.0272,0.016800000000000002,0.016800000000000002,0.41389787,0.04937788,0.36670485,0.0047793863,0.0152,0.3794084,0.0096,0.016800000000000002,0.016800000000000002,0.028,0.012,0.020800000000000003,0.47221386,0.057355925,0.41530007
-0.08094965,0.0042797253,0.0112,0.0096,0.016800000000000002,0.3688,0.0248,0.012,0.02,0.34976423,0.044272423,0.3061615,0.033930603,0.0035157073,0.0264,0.0128,0.017599999999999998,0.348,0.028,0.016,0.0192,0.3957474,0.04424312,0.3538882,0.004784311,0.0192,0.6006602,0.0136,0.0152,0.37679999999999997,0.0248,0.016,0.016800000000000002,0.5122138,0.07948141,0.43416998
-0.08056555,0.0041175224,0.0112,0.0096,0.016,0.2776,0.024,0.010400000000000001,0.020800000000000003,0.2892466,0.041557785,0.24797376,0.033880044,0.0036822185,0.031200000000000002,0.016,0.0112,0.3528,0.024,0.0184,0.016,0.44294536,0.063946545,0.3834613,0.004591738,0.02,0.6433783,0.0144,0.016,0.0232,0.028,0.016800000000000002,0.017599999999999998,0.4971423,0.07902843,0.4190247
-0.080215394,0.004100211,0.0136,0.0096,0.016,0.0152,0.024,0.012,0.0192,0.29323876,0.043297887,0.25019073,0.033915296,0.003299106,0.028,0.0128,0.017599999999999998,0.4256,0.0304,0.0128,0.020800000000000003,0.40085107,0.035460867,0.3676884,0.0042813844,0.0248,0.7605507,0.016800000000000002,0.0128,0.056,0.0264,0.017599999999999998,0.0184,0.4887536,0.08266985,0.4076563
-0.080070496,0.0037334189,0.0152,0.010400000000000001,0.0144,0.016800000000000002,0.0232,0.012,0.0184,0.33656397,0.046415318,0.29140797,0.033864044,0.003234405,0.0296,0.012,0.016800000000000002,0.3832,0.0288,0.016800000000000002,0.0184,0.392214,0.042911842,0.34884742,0.004314046,0.0224,0.662827,0.0152,0.0152,0.3704,0.0256,0.016,0.0192,0.5066465,0.07225007,0.43683285
-0.07983795,0.003611818,0.017599999999999998,0.0136,0.0128,0.22319999999999998,0.0224,0.016,0.0152,0.34200105,0.05538419,0.28652683,0.033799578,0.0030669644,0.0288,0.0136,0.02,0.31039999999999995,0.033600000000000005,0.016,0.020800000000000003,0.39302075,0.04060678,0.35417634,0.0040152357,0.020800000000000003,0.7053736,0.0128,0.02,0.2264,0.033600000000000005,0.016,0.0224,0.5151917,0.061828803,0.4550376
-0.079693496,0.0033564195,0.010400000000000001,0.010400000000000001,0.017599999999999998,0.17679999999999998,0.0232,0.0128,0.0192,0.31720787,0.03398091,0.28281385,0.033749714,0.0032327808,0.0256,0.0112,0.016,0.392,0.032,0.0152,0.02,0.38554555,0.044892527,0.34345448,0.00385848,0.0192,0.75815105,0.0152,0.0144,0.1856,0.032,0.016,0.0192,0.4954208,0.065821834,0.43000114
-0.07964401,0.0034178793,0.016800000000000002,0.012,0.0136,0.3712,0.02,0.0136,0.016800000000000002,0.24980186,0.048254386,0.20098457,0.033677824,0.0029568113,0.0264,0.008799999999999999,0.0216,0.38239999999999996,0.032,0.012,0.028,0.41406953,0.02893036,0.3920384,0.003955378,0.0248,0.80125034,0.0152,0.0152,0.3792,0.0296,0.017599999999999998,0.017599999999999998,0.47121024,0.0709676,0.40441263
-0.079741195,0.0035150647,0.0496,0.0112,0.0144,0.4208,0.024,0.0144,0.0184,0.39125443,0.05151135,0.34565455,0.03370356,0.0031629838,0.061599999999999995,0.008799999999999999,0.0192,0.45439999999999997,0.031200000000000002,0.0136,0.0232,0.4180791,0.033442214,0.39164174,0.004096752,0.06,0.83868885,0.017599999999999998,0.0136,0.4416,0.0296,0.0192,0.016,0.5724831,0.08222706,0.50059617
-0.07975717,0.0033091418,0.0112,0.012,0.0144,0.3128,0.024,0.0128,0.016800000000000002,0.36706448,0.034567453,0.3333361,0.033766642,0.002867993,0.0304,0.016800000000000002,0.012,0.396,0.024,0.020800000000000003,0.016800000000000002,0.3936062,0.059123777,0.336789,0.003899926,0.0184,0.7025949,0.0128,0.016800000000000002,0.32,0.032,0.016,0.017599999999999998,0.5344802,0.05967326,0.47657967
-0.07986569,0.003306713,0.016,0.012,0.0136,0.352,0.024,0.0144,0.017599999999999998,0.31598538,0.048049618,0.26716807,0.03373928,0.003127262,0.033600000000000005,0.017599999999999998,0.0112,0.3792,0.024,0.0192,0.016,0.4705958,0.058410324,0.41540197,0.004160151,0.0216,0.694796,0.0152,0.0152,0.28719999999999996,0.032,0.016,0.0184,0.544024,0.065432124,0.47902384
-0.07992848,0.003480453,0.012,0.0096,0.0184,0.3528,0.0256,0.0112,0.020800000000000003,0.3787225,0.03401125,0.3458818,0.03387958,0.00298696,0.0272,0.012,0.017599999999999998,0.40480000000000005,0.0296,0.012,0.0224,0.3172496,0.03743442,0.27828923,0.0037887164,0.0216,0.6884726,0.0144,0.016,0.3992,0.031200000000000002,0.017599999999999998,0.0192,0.49402326,0.0669405,0.4268856
-0.08003655,0.0034775771,0.0112,0.010400000000000001,0.017599999999999998,0.24,0.0256,0.012,0.02,0.3676918,0.03515034,0.33307585,0.033746,0.0031205416,0.0296,0.016800000000000002,0.0144,0.1064,0.0232,0.017599999999999998,0.016800000000000002,0.4303081,0.050410185,0.3827672,0.0038684476,0.0192,0.75703394,0.012,0.017599999999999998,0.26880000000000004,0.033600000000000005,0.0152,0.0192,0.5627884,0.06010242,0.50526345
-0.08010999,0.0032181703,0.008799999999999999,0.0056,0.0224,0.324,0.031200000000000002,0.0064,0.0256,0.3368941,0.019645184,0.31703436,0.0337416,0.0030089878,0.028,0.0096,0.016800000000000002,0.4144,0.0864,0.0136,0.020800000000000003,0.4251398,0.03411919,0.39139742,0.0038056576,0.020800000000000003,0.61551726,0.0128,0.016,0.33599999999999997,0.028,0.0152,0.020800000000000003,0.52053326,0.05961118,0.4614123
-0.08009157,0.0033107027,0.0096,0.004,0.017599999999999998,0.1192,0.0264,0.0072,0.0232,0.32640907,0.019868638,0.30765873,0.033782646,0.0029679425,0.031200000000000002,0.0144,0.012,0.3496,0.0264,0.016,0.016800000000000002,0.35736787,0.045366045,0.3133056,0.003883452,0.0248,0.7817705,0.0152,0.012,0.3432,0.0264,0.017599999999999998,0.0152,0.48342073,0.07000615,0.41766807
-0.08022738,0.0034465082,0.0528,0.012,0.0144,0.3112,0.0216,0.0144,0.016800000000000002,0.31987345,0.05350247,0.27194378,0.03373371,0.0027849711,0.06319999999999999,0.0112,0.016800000000000002,0.4528,0.032,0.0128,0.0216,0.32774568,0.030197026,0.2972499,0.0038614583,0.0528,0.4678486,0.0112,0.0192,0.3112,0.0304,0.012,0.0192,0.43330258,0.048442826,0.38958213
-0.08025711,0.0035871863,0.0144,0.0136,0.0144,0.3912,0.0224,0.016,0.0152,0.44312912,0.051366486,0.3948666,0.033752494,0.002998095,0.028,0.0128,0.012,0.41600000000000004,0.024,0.016800000000000002,0.0144,0.3550546,0.046724718,0.30716586,0.003867521,0.0184,0.71454376,0.0136,0.0184,0.404,0.033600000000000005,0.0152,0.02,0.5673939,0.060627684,0.5092131
-0.08033499,0.0032212734,0.016,0.0136,0.010400000000000001,0.33999999999999997,0.0184,0.0136,0.0144,0.26665953,0.045120433,0.2219473,0.03373812,0.002664607,0.0288,0.0144,0.016,0.412,0.0248,0.016,0.017599999999999998,0.36200422,0.037369378,0.32953727,0.0035555377,0.016,0.43708903,0.010400000000000001,0.016,0.3552,0.0256,0.0128,0.0192,0.39482808,0.042233247,0.3545157
-0.08059262,0.003146056,0.0144,0.0136,0.0112,0.41040000000000004,0.0184,0.0136,0.0128,0.27348745,0.044424627,0.2296628,0.033781953,0.0029686354,0.0248,0.0112,0.0144,0.408,0.0232,0.0136,0.017599999999999998,0.3627562,0.03521054,0.33028924,0.0037036238,0.016800000000000002,0.6607388,0.012,0.0144,0.1984,0.024,0.0136,0.017599999999999998,0.43855262,0.049157485,0.3909933
-0.08096407,0.0030737184,0.010400000000000001,0.0048,0.016800000000000002,0.4096,0.0248,0.008,0.02,0.33362243,0.02176277,0.31442836,0.03380027,0.0027184114,0.0344,0.0184,0.0096,0.42,0.02,0.0216,0.012,0.38311023,0.051609922,0.3362651,0.0034765175,0.02,0.6625998,0.0112,0.016,0.39840000000000003,0.0264,0.0136,0.017599999999999998,0.49870384,0.048882656,0.45402583
-0.08123789,0.0031256378,0.012,0.0096,0.0144,0.368,0.0216,0.0096,0.016800000000000002,0.2612785,0.0319065,0.23121147,0.033829026,0.0029215626,0.028,0.0144,0.0144,0.4272,0.0232,0.016,0.016800000000000002,0.3657184,0.03963986,0.33000475,0.003551782,0.017599999999999998,0.5571196,0.010400000000000001,0.0152,0.35919999999999996,0.0248,0.0136,0.016,0.41513968,0.04913983,0.3703235
-0.08150928,0.0032860748,0.012,0.008,0.0152,0.392,0.0216,0.0096,0.016,0.2945169,0.03153937,0.2650046,0.03391854,0.002948001,0.0272,0.0128,0.016,0.424,0.0264,0.0144,0.0184,0.40062162,0.038196974,0.3651399,0.0036235217,0.0216,0.8474169,0.0136,0.012,0.308,0.024,0.0152,0.017599999999999998,0.4952423,0.058128163,0.44060403
-0.081753366,0.0030863695,0.012,0.010400000000000001,0.0136,0.33280000000000004,0.0192,0.0112,0.0152,0.26700404,0.035644483,0.23272099,0.033938948,0.0028116405,0.0216,0.0072,0.020800000000000003,0.4024,0.0296,0.0112,0.024,0.34763175,0.02303954,0.32722396,0.0036129516,0.016800000000000002,0.7503982,0.0112,0.016800000000000002,0.3432,0.028,0.0128,0.020800000000000003,0.43235192,0.044909075,0.39036202
-0.08183436,0.003500212,0.012,0.0096,0.012,0.3016,0.020800000000000003,0.0128,0.0136,0.18030158,0.03930028,0.14013821,0.03401409,0.002852451,0.024,0.0112,0.0144,0.39359999999999995,0.0272,0.012,0.017599999999999998,0.2977655,0.031307343,0.26738572,0.003897697,0.0128,0.51649594,0.008,0.016800000000000002,0.29919999999999997,0.0256,0.010400000000000001,0.02,0.3038295,0.03782434,0.26595372
-0.08206424,0.0032862946,0.012,0.0112,0.012,0.396,0.017599999999999998,0.0136,0.0144,0.29579267,0.03997478,0.25596213,0.03399043,0.0031080171,0.0256,0.0128,0.0136,0.3408,0.0232,0.0128,0.0144,0.32977468,0.040436275,0.2904665,0.0037626985,0.0136,0.50868076,0.0096,0.016,0.20879999999999999,0.0232,0.0128,0.02,0.41895032,0.042797163,0.37699413
-0.08212836,0.0034613647,0.0152,0.0128,0.010400000000000001,0.4128,0.016800000000000002,0.0152,0.0128,0.30793095,0.04856892,0.25933555,0.03390231,0.003196139,0.0272,0.0128,0.0128,0.39840000000000003,0.0248,0.0152,0.0152,0.36513692,0.043271005,0.3268723,0.0040160683,0.0152,0.5318331,0.008799999999999999,0.0152,0.3248,0.0256,0.012,0.017599999999999998,0.45056528,0.043725472,0.4080939
-0.08192134,0.0032543428,0.0112,0.0112,0.012,0.3992,0.02,0.0144,0.0144,0.269941,0.0382382,0.23343897,0.03393663,0.0030458644,0.0232,0.0112,0.0136,0.3696,0.0248,0.0136,0.017599999999999998,0.3130752,0.03591913,0.278753,0.00382098,0.012,0.5515684,0.008799999999999999,0.016,0.3792,0.0248,0.0096,0.0192,0.39396858,0.036981154,0.35932237
-0.081763126,0.003428977,0.008799999999999999,0.008,0.0136,0.38239999999999996,0.02,0.0112,0.016,0.30117214,0.028731901,0.2737679,0.03392805,0.0029384904,0.0264,0.0128,0.012,0.4152,0.0192,0.016800000000000002,0.0144,0.36473095,0.045370918,0.32217607,0.003941148,0.0144,0.57001406,0.010400000000000001,0.0144,0.35600000000000004,0.0232,0.012,0.0184,0.45037967,0.047634304,0.40556073
-0.081422284,0.0036428757,0.0112,0.0096,0.0128,0.3968,0.020800000000000003,0.012,0.0152,0.30371386,0.036244113,0.26832134,0.033878654,0.0029878877,0.0264,0.012,0.0136,0.30479999999999996,0.020800000000000003,0.0144,0.0152,0.31539428,0.036101405,0.28118804,0.0038900531,0.0128,0.35840046,0.008799999999999999,0.016800000000000002,0.3664,0.0232,0.0112,0.017599999999999998,0.39504862,0.040102318,0.35604638
-0.08120372,0.0038681068,0.0072,0.008799999999999999,0.016,0.3528,0.0224,0.0096,0.0192,0.28957498,0.027379408,0.26272547,0.03379911,0.0032993369,0.0264,0.0144,0.0112,0.38799999999999996,0.0184,0.0152,0.0128,0.3251903,0.048466388,0.27834517,0.0041324105,0.0136,0.5442889,0.010400000000000001,0.016,0.3512,0.024,0.0128,0.017599999999999998,0.41611692,0.05084744,0.36810133
-0.08103086,0.0038061962,0.0128,0.010400000000000001,0.012,0.29359999999999997,0.0192,0.012,0.0144,0.33589184,0.045033477,0.29406428,0.033752494,0.0033459552,0.0256,0.0112,0.0152,0.2008,0.024,0.0128,0.017599999999999998,0.31829736,0.03471563,0.28559852,0.0045727137,0.016,0.5874235,0.008799999999999999,0.0144,0.07759999999999999,0.0248,0.0112,0.017599999999999998,0.45599297,0.050988514,0.4083721
-0.08078966,0.0037868917,0.0096,0.008,0.016800000000000002,0.1744,0.0232,0.010400000000000001,0.016800000000000002,0.25939834,0.03346029,0.22544813,0.033757597,0.0033408515,0.0248,0.010400000000000001,0.0144,0.3976,0.0216,0.0128,0.0184,0.32339716,0.031443365,0.29243764,0.0041670087,0.0216,0.8012968,0.0144,0.0128,0.24400000000000002,0.0192,0.016800000000000002,0.0144,0.41276604,0.07199052,0.3409326
-0.08061481,0.004277732,0.012,0.010400000000000001,0.0128,0.4088,0.0192,0.012,0.0152,0.25563186,0.044417184,0.2118072,0.03377267,0.003325779,0.0248,0.0096,0.0184,0.40480000000000005,0.0232,0.0112,0.0184,0.3003822,0.031671837,0.26942265,0.0044225976,0.012,0.25665584,0.008,0.0152,0.4088,0.024,0.010400000000000001,0.017599999999999998,0.32350966,0.041703362,0.28262168
-0.08055046,0.0039914884,0.0112,0.0112,0.012,0.28080000000000005,0.0192,0.0128,0.0136,0.25951433,0.0455626,0.21269406,0.033727683,0.0032548122,0.0248,0.0128,0.0136,0.41040000000000004,0.0216,0.0144,0.016800000000000002,0.27846286,0.040139586,0.235908,0.0044272887,0.016,0.68207884,0.0112,0.0136,0.2856,0.0224,0.0136,0.0152,0.37699685,0.058325183,0.31671497
-0.08050986,0.0037289858,0.0128,0.0096,0.0136,0.29919999999999997,0.0184,0.0128,0.016,0.1982172,0.046017088,0.15239546,0.033813257,0.0035170987,0.0288,0.0152,0.0096,0.1192,0.0192,0.016,0.0152,0.25672153,0.04324504,0.21254332,0.0043420135,0.0192,0.6726753,0.012,0.012,0.0192,0.0216,0.0144,0.016,0.31499532,0.06293471,0.2506976
-0.08052228,0.003741406,0.0128,0.010400000000000001,0.012,0.2648,0.02,0.0136,0.016,0.19521391,0.045439173,0.14972503,0.03381395,0.003284499,0.024,0.010400000000000001,0.016800000000000002,0.38239999999999996,0.0248,0.0112,0.0184,0.2766111,0.02873101,0.24773872,0.0040525356,0.016,0.5186889,0.0112,0.0152,0.4088,0.0216,0.0136,0.016800000000000002,0.30666512,0.05298179,0.253852
-0.08063678,0.004410647,0.0112,0.008799999999999999,0.0152,0.3176,0.0232,0.010400000000000001,0.017599999999999998,0.27243608,0.0442192,0.22728008,0.03372861,0.0038336534,0.0272,0.012,0.0144,0.24400000000000002,0.0256,0.0128,0.0152,0.36705127,0.04082811,0.32843882,0.0049174083,0.0184,0.6322567,0.012,0.0144,0.3248,0.0232,0.0136,0.016800000000000002,0.43668818,0.069580235,0.36678457
-0.080566876,0.0050064363,0.0144,0.0112,0.012,0.0184,0.02,0.0128,0.0152,0.29867065,0.064264864,0.23409867,0.0338165,0.003861716,0.032,0.0152,0.0096,0.3392,0.0184,0.0192,0.0128,0.3410221,0.060430344,0.28362522,0.005239364,0.0184,0.5943957,0.0128,0.0152,0.0216,0.0224,0.0136,0.016,0.43842,0.07448021,0.36512142
-0.08050075,0.0042746216,0.045599999999999995,0.008799999999999999,0.0152,0.164,0.024,0.010400000000000001,0.02,0.34338468,0.04472285,0.3028885,0.03384758,0.0033668205,0.06,0.0096,0.016,0.384,0.0248,0.0112,0.02,0.34032068,0.029301237,0.31828955,0.0045598303,0.0552,0.65759957,0.0144,0.0136,0.404,0.020800000000000003,0.016800000000000002,0.0152,0.4797862,0.07882736,0.40849537
-0.08041688,0.004301697,0.0144,0.0112,0.012,0.0184,0.0192,0.0144,0.0136,0.27249596,0.057681754,0.21635604,0.033893265,0.0033211373,0.0232,0.008,0.0192,0.3856,0.0272,0.0096,0.0224,0.32090145,0.024074,0.2979427,0.0047300803,0.017599999999999998,0.5305629,0.012,0.0144,0.0216,0.0232,0.0128,0.016,0.39741609,0.06670352,0.3326512
-0.08029949,0.00473905,0.0144,0.012,0.0128,0.016800000000000002,0.02,0.0136,0.0152,0.23626143,0.063335106,0.172577,0.033924572,0.0038695987,0.0264,0.012,0.016,0.4224,0.0272,0.0128,0.017599999999999998,0.31492996,0.038760427,0.27678135,0.005149385,0.0144,0.40191472,0.008799999999999999,0.016800000000000002,0.0656,0.0248,0.0112,0.02,0.3406293,0.05700432,0.28338042
-0.08043862,0.0047672354,0.0128,0.012,0.012,0.1216,0.020800000000000003,0.0152,0.0144,0.27348807,0.06495899,0.20880513,0.033808388,0.0041017365,0.0232,0.0096,0.016800000000000002,0.016,0.0248,0.0112,0.0184,0.36519456,0.03824673,0.3264662,0.005258467,0.016,0.56742936,0.0128,0.0136,0.0192,0.0224,0.0144,0.017599999999999998,0.4269082,0.0751577,0.351035
-0.08035364,0.0045713037,0.0112,0.008799999999999999,0.016,0.0152,0.0224,0.012,0.017599999999999998,0.26567277,0.046135556,0.22107148,0.033867057,0.00381116,0.0232,0.008,0.0192,0.3504,0.028,0.0096,0.0216,0.35783508,0.024022333,0.3352242,0.0051189987,0.016800000000000002,0.46681234,0.0112,0.016,0.02,0.024,0.0136,0.016800000000000002,0.39828858,0.070324466,0.32910052
-0.08043707,0.004765682,0.0136,0.0112,0.0136,0.017599999999999998,0.02,0.012,0.016,0.34311274,0.06004737,0.2824239,0.03388956,0.0041365195,0.031200000000000002,0.016800000000000002,0.010400000000000001,0.148,0.0192,0.017599999999999998,0.0112,0.37411928,0.063691415,0.31347567,0.0054052123,0.0184,0.6092028,0.012,0.0144,0.0192,0.0232,0.0136,0.016,0.4954645,0.07629822,0.42086065
-0.08059218,0.0050317384,0.016,0.0128,0.012,0.0184,0.02,0.0152,0.0128,0.32796845,0.070013,0.25762713,0.033926893,0.0037513245,0.031200000000000002,0.0152,0.0128,0.4248,0.02,0.016800000000000002,0.016,0.3543519,0.05446648,0.30356434,0.005377124,0.016,0.36036685,0.0096,0.0152,0.017599999999999998,0.0256,0.0128,0.0184,0.43185294,0.06490419,0.36754262
-0.080776796,0.0045506656,0.0464,0.008799999999999999,0.016800000000000002,0.3552,0.0248,0.008799999999999999,0.02,0.33540168,0.048809532,0.28835955,0.03392689,0.0037513282,0.06319999999999999,0.0128,0.016800000000000002,0.0888,0.0256,0.0136,0.0192,0.38067794,0.03835848,0.34867483,0.0052325707,0.056,0.59655875,0.0144,0.0144,0.36479999999999996,0.0224,0.016,0.016,0.49133354,0.08875002,0.40709865
-0.08095853,0.0045105033,0.0128,0.0096,0.016,0.09119999999999999,0.024,0.012,0.0184,0.29729205,0.052419223,0.24436964,0.033954486,0.0038396847,0.0272,0.0112,0.016,0.29760000000000003,0.0256,0.012,0.0192,0.38502616,0.042076766,0.34560204,0.005001819,0.0184,0.6214311,0.012,0.016800000000000002,0.0192,0.0248,0.0144,0.0184,0.4658741,0.07100667,0.39491272
-0.0812126,0.0045426786,0.012,0.008,0.016,0.0152,0.0224,0.0096,0.02,0.2900253,0.04406436,0.24575686,0.03400365,0.0037905239,0.0264,0.0096,0.0184,0.3976,0.0272,0.012,0.02,0.37667948,0.035455175,0.34258926,0.0049489364,0.020800000000000003,0.70597535,0.0128,0.0152,0.35600000000000004,0.0248,0.0152,0.016800000000000002,0.46508396,0.07714665,0.38818616
-0.081428945,0.0046480745,0.0152,0.0112,0.012,0.11120000000000001,0.0192,0.0128,0.0144,0.27309695,0.06257334,0.21018916,0.03404052,0.0036376957,0.0296,0.0136,0.0144,0.088,0.024,0.017599999999999998,0.017599999999999998,0.3645627,0.052383713,0.3128475,0.004978121,0.0152,0.36618364,0.0112,0.016,0.016800000000000002,0.0264,0.0112,0.0192,0.38552418,0.05880127,0.32608134
-0.08150861,0.0042839423,0.0152,0.0112,0.0128,0.20800000000000002,0.0224,0.0128,0.016,0.2575094,0.053324904,0.20447606,0.03404586,0.0036323573,0.031200000000000002,0.0136,0.0144,0.1752,0.024,0.016800000000000002,0.017599999999999998,0.3785295,0.051682033,0.32959715,0.004661116,0.0184,0.55921555,0.0112,0.0184,0.0184,0.0272,0.0128,0.020800000000000003,0.41910142,0.06137233,0.35875815
-0.08151815,0.0039606392,0.0184,0.012,0.0128,0.2968,0.020800000000000003,0.0144,0.0144,0.37217802,0.061471466,0.31215492,0.03409062,0.003239736,0.028,0.0112,0.0184,0.19920000000000002,0.0288,0.0136,0.020800000000000003,0.40966126,0.035817944,0.3775422,0.00452877,0.0192,0.5062879,0.012,0.016,0.2624,0.0264,0.0128,0.02,0.5241473,0.060066648,0.46702093
-0.081397,0.0038394853,0.0144,0.0112,0.016800000000000002,0.288,0.020800000000000003,0.012,0.017599999999999998,0.26910922,0.05102614,0.21751818,0.03403867,0.0034076404,0.032,0.016,0.012,0.4256,0.0272,0.0184,0.0144,0.3985323,0.05884868,0.34310657,0.0043366696,0.016,0.48354256,0.0112,0.017599999999999998,0.3024,0.0304,0.0128,0.0216,0.42354184,0.0542991,0.3696957
-0.08125166,0.003916044,0.0152,0.010400000000000001,0.0152,0.2968,0.0256,0.0112,0.0184,0.31854174,0.04866479,0.2697244,0.034064878,0.0032654777,0.0328,0.016800000000000002,0.016,0.38799999999999996,0.0304,0.0192,0.016,0.38200653,0.05689154,0.32611698,0.0042925817,0.016,0.42197528,0.0096,0.0192,0.1512,0.028,0.0112,0.0248,0.44705564,0.049072195,0.39783192
-0.08103796,0.0037023462,0.0144,0.0112,0.0152,0.38720000000000004,0.024,0.0128,0.0184,0.37960523,0.045451075,0.3365572,0.034029856,0.0030685924,0.0264,0.0112,0.020800000000000003,0.412,0.0344,0.012,0.0248,0.3566751,0.033662725,0.32420814,0.004148158,0.0184,0.57528913,0.0128,0.016800000000000002,0.3912,0.0328,0.0136,0.020800000000000003,0.51256096,0.05788557,0.4577533
-0.080790326,0.003565658,0.0136,0.0112,0.0144,0.3392,0.0216,0.0136,0.016800000000000002,0.36751443,0.043530148,0.32413357,0.033941496,0.0030409992,0.0256,0.0112,0.0184,0.424,0.0344,0.0128,0.02,0.35059217,0.03388547,0.3168497,0.003904663,0.0192,0.6442957,0.0144,0.016,0.3432,0.0272,0.016800000000000002,0.02,0.5044143,0.0615554,0.44290367
-0.080326125,0.0032124072,0.012,0.008,0.016,0.36479999999999996,0.0264,0.008799999999999999,0.0224,0.33046693,0.02810445,0.30361742,0.033903237,0.0031952113,0.0304,0.012,0.0136,0.3504,0.035199999999999995,0.0144,0.0144,0.42160624,0.040134706,0.38600856,0.0037652794,0.0304,1.0133309,0.0192,0.0112,0.4184,0.0816,0.0224,0.0136,0.53260374,0.08108854,0.4566716
-0.08014172,0.0031389557,0.0136,0.010400000000000001,0.016800000000000002,0.3888,0.0224,0.0128,0.0192,0.35692126,0.03760754,0.32097396,0.03384317,0.002675511,0.032,0.0184,0.012,0.39280000000000004,0.0928,0.02,0.0192,0.38177967,0.052754253,0.32913685,0.0036177875,0.016800000000000002,0.5790606,0.0112,0.0192,0.24159999999999998,0.0344,0.0136,0.0192,0.5076592,0.04685255,0.4623693
-0.079834394,0.0032754168,0.017599999999999998,0.0144,0.0128,0.3808,0.024,0.0152,0.016800000000000002,0.37051034,0.04942573,0.3221368,0.03371377,0.002920866,0.032,0.0136,0.016800000000000002,0.42160000000000003,0.024,0.016,0.0192,0.43789822,0.04134898,0.40032935,0.003904947,0.0248,0.7595611,0.0136,0.016,0.38799999999999996,0.0272,0.016,0.0184,0.5702094,0.067653134,0.50560415
-0.07970237,0.0033652931,0.0112,0.008,0.0184,0.3696,0.0288,0.010400000000000001,0.0216,0.32674664,0.029473271,0.29745626,0.03377105,0.002863586,0.032,0.0144,0.010400000000000001,0.4064,0.024,0.016800000000000002,0.016800000000000002,0.34415108,0.03720251,0.3072779,0.0035256213,0.0152,0.3948476,0.0096,0.02,0.37520000000000003,0.0392,0.012,0.0248,0.43398893,0.04026437,0.3944038
-0.07964955,0.0029796287,0.0472,0.008,0.0184,0.444,0.028,0.010400000000000001,0.020800000000000003,0.35403284,0.030899402,0.32518625,0.033704262,0.0030463263,0.0656,0.0136,0.0136,0.4304,0.0256,0.0152,0.016800000000000002,0.36617953,0.042242195,0.32582778,0.003619369,0.0584,0.79451764,0.0144,0.0152,0.4248,0.028,0.0152,0.02,0.5093242,0.0621103,0.44928578
-0.07963913,0.0033020526,0.0128,0.008799999999999999,0.016,0.33039999999999997,0.0248,0.0112,0.0184,0.31437606,0.03474821,0.28209007,0.033710983,0.0029236525,0.0256,0.0096,0.016,0.4224,0.031200000000000002,0.0152,0.0232,0.42074168,0.03244944,0.39244905,0.0036857955,0.020800000000000003,0.77377856,0.012,0.0152,0.3456,0.028,0.016800000000000002,0.0192,0.5188978,0.058617406,0.4636135
-0.07952108,0.0031840056,-0.0232,0.012,0.0152,0.0576,0.0216,0.0136,0.016,-0.04831186,0.0,0.010712713,0.03382972,0.0029208697,-0.010400000000000001,0.012,0.016800000000000002,0.2984,0.0296,0.0128,0.0184,0.17399298,0.0,0.20611207,0.0036040954,-0.016800000000000002,0.70701534,0.0144,0.0152,0.02,0.024,0.016,0.017599999999999998,0.07628849,0.0,0.13657619
-0.079742536,0.0034054555,0.0096,0.008,0.0184,0.3,0.0256,0.010400000000000001,0.0192,0.34943897,0.028883051,0.31937194,0.03372629,0.003140252,0.024,0.0112,0.017599999999999998,0.412,0.0344,0.0128,0.0216,0.41007227,0.035187285,0.37725744,0.003689498,0.0144,0.52987456,0.0112,0.016800000000000002,0.1168,0.0328,0.0128,0.024,0.5087814,0.0458062,0.4627689
-0.07997108,0.003190212,0.0144,0.012,0.0144,0.212,0.0224,0.0136,0.016800000000000002,0.35963726,0.041003413,0.31958485,0.033742063,0.0031244792,0.0288,0.0112,0.0096,0.3992,0.0264,0.016800000000000002,0.0192,0.3750503,0.042213492,0.3365538,0.003835331,0.0184,0.6857573,0.012,0.017599999999999998,0.34400000000000003,0.0296,0.0128,0.02,0.51584166,0.050534487,0.46720418
-0.07994513,0.0033861585,0.0128,0.010400000000000001,0.0144,0.41119999999999995,0.024,0.0136,0.016,0.2827089,0.03631581,0.24653974,0.03368872,0.0028299615,0.0224,0.0096,0.0224,0.3888,0.0328,0.010400000000000001,0.024,0.39430338,0.021494128,0.37424344,0.003775121,0.0224,0.8475099,0.0144,0.0144,0.38720000000000004,0.0264,0.0152,0.016800000000000002,0.48269492,0.0636642,0.42007372
-0.080021456,0.003351532,0.016,0.0136,0.0136,0.1816,0.020800000000000003,0.0144,0.016,0.31498384,0.049500775,0.2662775,0.033714466,0.002804216,0.0224,0.008,0.020800000000000003,0.41759999999999997,0.036,0.0112,0.0256,0.358643,0.023672095,0.33348107,0.0038070604,0.0224,0.8280042,0.0152,0.0144,0.3672,0.0264,0.016,0.0152,0.4772088,0.06582386,0.4105745
-0.08006317,0.003504198,0.0152,0.0128,0.012,0.3472,0.020800000000000003,0.0136,0.0152,0.27049255,0.04782944,0.22256279,0.033682227,0.0030683614,0.0264,0.012,0.0184,0.4096,0.028,0.0128,0.0184,0.36751792,0.034234863,0.3357467,0.0038847737,0.0152,0.4463378,0.0096,0.016800000000000002,0.3456,0.0272,0.0128,0.020800000000000003,0.40263805,0.044734385,0.35840273
-0.08016658,0.0032747574,0.0112,0.008,0.017599999999999998,0.3672,0.0256,0.010400000000000001,0.020800000000000003,0.3391729,0.030313827,0.3105482,0.03370287,0.0030477196,0.0304,0.0152,0.0128,0.39840000000000003,0.028,0.016800000000000002,0.0128,0.35783315,0.046473213,0.31295916,0.0036720294,0.0216,0.78055304,0.0136,0.0152,0.312,0.0248,0.016800000000000002,0.016,0.49278796,0.0619659,0.43318504
-0.080222495,0.003108777,0.0056,0.008,0.016800000000000002,0.3336,0.0224,0.010400000000000001,0.0184,0.25407353,0.018322036,0.2352123,0.033670403,0.0028482787,0.02,0.010400000000000001,0.017599999999999998,0.3832,0.028,0.0112,0.020800000000000003,0.32095867,0.03201472,0.2886077,0.0036562942,0.017599999999999998,0.7974545,0.0152,0.0136,0.3808,0.0232,0.016800000000000002,0.016,0.40714982,0.058949992,0.34776995
-0.08025977,0.0031460524,0.012,0.008799999999999999,0.0136,0.384,0.0232,0.0112,0.0152,0.23875841,0.03232369,0.20625052,0.033729304,0.0029053316,0.028,0.0128,0.0136,0.38720000000000004,0.0264,0.016,0.016,0.3803315,0.042086564,0.3407914,0.0036499857,0.0184,0.6907864,0.0128,0.0152,0.1816,0.0264,0.0128,0.016800000000000002,0.42634767,0.050772786,0.37619165
-0.080583304,0.0032476895,0.0136,0.0096,0.0136,0.4064,0.0216,0.012,0.0152,0.34738734,0.038568452,0.3107744,0.03368872,0.002714008,0.0224,0.0056,0.020800000000000003,0.384,0.031200000000000002,0.010400000000000001,0.0248,0.35789403,0.019059103,0.34131274,0.0038233225,0.0224,0.78929365,0.0136,0.0136,0.372,0.0224,0.016,0.017599999999999998,0.4987344,0.06320032,0.4391386
-0.08083803,0.003391467,0.0488,0.012,0.010400000000000001,0.444,0.0192,0.0136,0.0128,0.27891982,0.04578244,0.23797983,0.033722814,0.0030277744,0.0592,0.0096,0.016800000000000002,0.4344,0.0256,0.0136,0.0184,0.35412112,0.030529097,0.32826352,0.0037191832,0.0504,0.49059224,0.0128,0.016,0.43920000000000003,0.024,0.0136,0.017599999999999998,0.4128659,0.04813954,0.37087148
-0.08106415,0.0036175884,0.016,0.012,0.012,0.3496,0.016,0.016,0.0128,0.31736934,0.050605837,0.26866296,0.033844568,0.0031379275,0.0256,0.010400000000000001,0.0152,0.4224,0.0288,0.0128,0.02,0.3788739,0.030377828,0.35266843,0.004017109,0.016,0.44977418,0.0096,0.0144,0.14079999999999998,0.0248,0.012,0.016,0.45052552,0.046794806,0.40676403
-0.081461795,0.0034604892,0.0184,0.016,0.008799999999999999,0.3864,0.017599999999999998,0.017599999999999998,0.0112,0.27909932,0.059287682,0.21929811,0.033811167,0.0031713285,0.0288,0.0144,0.012,0.3552,0.0224,0.016,0.017599999999999998,0.33910984,0.0418129,0.2966709,0.0040027867,0.0184,0.52660185,0.0112,0.0136,0.3056,0.0256,0.0128,0.017599999999999998,0.41172305,0.055454347,0.35594422
-0.08170831,0.0034851097,0.0128,0.010400000000000001,0.0128,0.017599999999999998,0.0192,0.0128,0.0136,0.24363874,0.041116558,0.20192212,0.033903703,0.0031947456,0.0248,0.0096,0.016,0.4024,0.0264,0.0128,0.0184,0.33707392,0.030160785,0.30982488,0.0038637589,0.0184,0.66463965,0.0128,0.0136,0.1568,0.0224,0.0136,0.017599999999999998,0.39967656,0.05548864,0.3449152
-0.08197371,0.0036395602,0.0448,0.0072,0.016800000000000002,0.3256,0.0224,0.0096,0.02,0.34250438,0.03861301,0.30744466,0.03392318,0.0031752698,0.06319999999999999,0.0136,0.0144,0.41600000000000004,0.0256,0.0144,0.016800000000000002,0.36745915,0.042594027,0.33139765,0.004160476,0.0504,0.50578743,0.010400000000000001,0.016,0.29359999999999997,0.0264,0.0128,0.0184,0.47765315,0.05677075,0.42727512
-0.0821479,0.003702797,0.0136,0.0136,0.012,0.2552,0.02,0.0152,0.0144,0.32502756,0.05096512,0.27510074,0.033950776,0.0030317195,0.0224,0.008799999999999999,0.017599999999999998,0.4088,0.028,0.012,0.017599999999999998,0.35522598,0.030042185,0.3269334,0.0042965165,0.0184,0.70975393,0.0128,0.0136,0.02,0.0216,0.016,0.016800000000000002,0.47802263,0.064298615,0.41559315
-0.08213658,0.00380243,0.0064,0.0064,0.0192,0.3392,0.0256,0.008799999999999999,0.02,0.3002298,0.020212166,0.2805919,0.033966545,0.003247857,0.0288,0.016800000000000002,0.008799999999999999,0.408,0.016800000000000002,0.0184,0.0112,0.34073246,0.056743044,0.28727794,0.00424124,0.0144,0.5148279,0.0112,0.0152,0.22240000000000001,0.024,0.012,0.0184,0.4290848,0.051011622,0.38049683
-0.08203052,0.0042511113,0.0136,0.012,0.0112,0.24400000000000002,0.0192,0.0144,0.0128,0.25863367,0.055515673,0.2042689,0.033941735,0.0035045743,0.0256,0.0112,0.0144,0.20879999999999999,0.0224,0.0144,0.0184,0.3520334,0.03724047,0.3195665,0.0045497143,0.0144,0.48301813,0.0096,0.0136,0.0184,0.0232,0.012,0.0184,0.3925486,0.05320028,0.3421143
-0.081861205,0.004303694,0.008,0.008,0.0152,0.0128,0.0224,0.008799999999999999,0.016800000000000002,0.19510677,0.032385886,0.16315363,0.033938255,0.0035080556,0.0224,0.008,0.016,0.376,0.0216,0.012,0.02,0.28646278,0.029001314,0.25851807,0.0045182267,0.0144,0.5466027,0.0112,0.0144,0.1448,0.0224,0.0128,0.017599999999999998,0.31557873,0.05622653,0.2596399
-0.08166306,0.004216492,0.0144,0.0136,0.010400000000000001,0.017599999999999998,0.016800000000000002,0.0152,0.0128,0.25641295,0.062139295,0.1953913,0.033861026,0.0035852827,0.028,0.0136,0.0112,0.39359999999999995,0.0184,0.016,0.0152,0.32815313,0.048491824,0.28200364,0.004731967,0.0216,0.82297015,0.0144,0.010400000000000001,0.3952,0.020800000000000003,0.016800000000000002,0.0136,0.41496438,0.079959,0.337473
-0.08142317,0.004309453,0.008799999999999999,0.008,0.0144,0.0136,0.0216,0.010400000000000001,0.016800000000000002,0.21916996,0.035310607,0.18510877,0.03382949,0.0037327725,0.0248,0.0112,0.0128,0.3408,0.0216,0.0128,0.016800000000000002,0.31075415,0.039998308,0.27248955,0.0047349553,0.0192,0.7964482,0.0136,0.0128,0.3352,0.02,0.0152,0.016,0.37540567,0.07145099,0.30624112
-0.081081904,0.0046338774,0.012,0.0112,0.0112,0.4088,0.0192,0.0128,0.0144,0.19189042,0.053642534,0.13785854,0.033801194,0.0035291612,0.0256,0.012,0.0144,0.40559999999999996,0.0232,0.0152,0.016800000000000002,0.29812106,0.04150585,0.25834912,0.004888767,0.012,0.32433686,0.008799999999999999,0.0144,0.4088,0.0232,0.0112,0.0184,0.276891,0.049720187,0.22704345
-0.08079011,0.004342083,0.010400000000000001,0.0112,0.0128,0.0144,0.02,0.0112,0.0144,0.215134,0.043909907,0.17119837,0.03378543,0.0035449266,0.0216,0.008799999999999999,0.016800000000000002,0.4192,0.0232,0.010400000000000001,0.02,0.2981158,0.024749525,0.27562085,0.004796376,0.0128,0.43874836,0.008799999999999999,0.0136,0.0992,0.0216,0.0112,0.016800000000000002,0.32139894,0.04956517,0.27270022
-0.08079121,0.0042322353,0.008799999999999999,0.0112,0.0136,0.016,0.020800000000000003,0.0128,0.0144,0.27753392,0.039121054,0.23981145,0.033757597,0.003456805,0.0248,0.0128,0.010400000000000001,0.4248,0.0184,0.016,0.0152,0.28223374,0.05092355,0.23446095,0.004525783,0.0128,0.53239274,0.0112,0.0136,0.20879999999999999,0.0216,0.012,0.016800000000000002,0.38238263,0.05506537,0.32940102
-0.080655195,0.004207168,0.0472,0.010400000000000001,0.0128,0.0144,0.02,0.0112,0.0152,0.24320167,0.049403258,0.19349676,0.033781487,0.003548868,0.0608,0.010400000000000001,0.0136,0.4296,0.0248,0.0128,0.016800000000000002,0.28982377,0.028994704,0.26396623,0.004613768,0.0528,0.5740085,0.0112,0.0128,0.3744,0.02,0.0144,0.016800000000000002,0.36159906,0.06488337,0.2974424
-0.08056666,0.0045624264,0.0144,0.012,0.0128,0.016800000000000002,0.02,0.0136,0.0144,0.29729113,0.061931055,0.23482716,0.03379702,0.0036492907,0.0288,0.012,0.0144,0.3912,0.020800000000000003,0.0152,0.016800000000000002,0.30890688,0.04209032,0.26739562,0.004967806,0.017599999999999998,0.5521504,0.0112,0.0144,0.017599999999999998,0.0224,0.0128,0.016800000000000002,0.41514093,0.0671414,0.3473047
-0.08060748,0.004603248,0.0136,0.0128,0.012,0.0184,0.0184,0.0152,0.0136,0.32690528,0.062389594,0.26477414,0.0337896,0.0036567077,0.024,0.010400000000000001,0.0152,0.3944,0.024,0.012,0.0184,0.33545527,0.03641867,0.30055335,0.0049866163,0.0136,0.39467764,0.0112,0.0152,0.0752,0.0232,0.0128,0.0184,0.43075907,0.05750894,0.37425166
-0.08059551,0.0039255843,0.0472,0.0096,0.016,0.1792,0.0224,0.010400000000000001,0.0192,0.33679128,0.043662783,0.2992907,0.033915993,0.0034143627,0.0656,0.0136,0.012,0.4496,0.0216,0.016800000000000002,0.0144,0.31058022,0.044708304,0.27069226,0.0042238645,0.0488,0.37806088,0.008,0.0184,0.028,0.0264,0.0112,0.02,0.42764884,0.045221567,0.39024577
-0.0806239,0.0039539784,0.010400000000000001,0.0064,0.016800000000000002,0.012,0.0256,0.008799999999999999,0.017599999999999998,0.33511633,0.033095222,0.303607,0.033840623,0.003257826,0.0248,0.008799999999999999,0.016800000000000002,0.4008,0.024,0.010400000000000001,0.02,0.33290172,0.026202662,0.307392,0.0041953726,0.0152,0.34087723,0.0096,0.016,0.1128,0.0256,0.012,0.017599999999999998,0.42712802,0.05162564,0.37754548
-0.08057442,0.0044592395,0.0152,0.0136,0.012,0.0184,0.0192,0.0152,0.0152,0.26971683,0.065087706,0.20536675,0.033827636,0.0037346277,0.0272,0.0128,0.016800000000000002,0.2848,0.024,0.0152,0.0184,0.3834569,0.043142967,0.34356892,0.004753836,0.0152,0.35389584,0.0112,0.016,0.17200000000000001,0.0248,0.0136,0.0192,0.3858912,0.061212998,0.32605132
-0.08054691,0.004653625,0.0128,0.010400000000000001,0.0144,0.2896,0.020800000000000003,0.012,0.017599999999999998,0.3298513,0.05337776,0.27848217,0.033837143,0.0037251208,0.0328,0.017599999999999998,0.0096,0.32080000000000003,0.0192,0.0192,0.0128,0.34896225,0.06344575,0.28994203,0.0051196525,0.0192,0.60537547,0.012,0.0144,0.02,0.0232,0.0144,0.0152,0.46981722,0.07714361,0.39621505
-0.08047346,0.004469227,0.016,0.012,0.012,0.016,0.02,0.0136,0.016800000000000002,0.2844179,0.061758373,0.22250867,0.033874482,0.0038037356,0.0304,0.0128,0.0136,0.384,0.0248,0.0144,0.0152,0.34843847,0.045517664,0.30484003,0.0050385124,0.0192,0.52566034,0.0112,0.0152,0.0192,0.024,0.0144,0.016800000000000002,0.42086038,0.06933183,0.35260564
-0.080497645,0.004604362,0.012,0.008799999999999999,0.016,0.0152,0.0224,0.0112,0.0184,0.37766746,0.048872776,0.3287392,0.03385894,0.0038192775,0.031200000000000002,0.0152,0.0128,0.42319999999999997,0.020800000000000003,0.016800000000000002,0.0128,0.40798578,0.058392152,0.35499507,0.004901847,0.016,0.46450442,0.0112,0.017599999999999998,0.0184,0.0256,0.0128,0.0184,0.52042055,0.06265388,0.460262
-0.08045726,0.0044530295,0.0112,0.0096,0.0152,0.2704,0.0232,0.0112,0.0184,0.29124245,0.04603299,0.24741781,0.033854302,0.0035920069,0.0256,0.0112,0.017599999999999998,0.1944,0.0288,0.0128,0.020800000000000003,0.36589447,0.038994737,0.3302968,0.0047691693,0.0152,0.4795895,0.0112,0.016,0.1616,0.0248,0.0128,0.02,0.427215,0.061022382,0.36929423
-0.08033722,0.0043329857,0.0152,0.0128,0.012,0.0184,0.0192,0.0152,0.0144,0.25923684,0.062356006,0.19666192,0.0339197,0.0036425646,0.0296,0.0136,0.0128,0.020800000000000003,0.0216,0.017599999999999998,0.016,0.3646193,0.0539553,0.3141796,0.004784677,0.0184,0.48984113,0.0128,0.0136,0.0184,0.0248,0.016,0.016,0.40030074,0.07471307,0.32694927
-0.08056044,0.004445255,0.010400000000000001,0.010400000000000001,0.016,0.0144,0.024,0.0112,0.017599999999999998,0.32734808,0.044585466,0.284522,0.033867057,0.0036952067,0.0272,0.0128,0.012,0.1984,0.024,0.0152,0.017599999999999998,0.37372068,0.050151296,0.32583195,0.004646056,0.0184,0.7349572,0.0136,0.016800000000000002,0.0192,0.024,0.0152,0.0184,0.4934467,0.072468646,0.4243014
-0.0806947,0.0042466708,0.012,0.0096,0.017599999999999998,0.30479999999999996,0.0248,0.0112,0.02,0.3571524,0.044616926,0.31399345,0.033929672,0.003632592,0.033600000000000005,0.016800000000000002,0.008799999999999999,0.3664,0.0192,0.020800000000000003,0.012,0.39099792,0.068502575,0.3267598,0.0048792576,0.0184,0.5593265,0.012,0.016800000000000002,0.020800000000000003,0.0256,0.0136,0.0184,0.51019645,0.06993854,0.44199604
-0.0809461,0.003832385,0.048,0.008799999999999999,0.016800000000000002,0.14320000000000002,0.024,0.0112,0.0192,0.36430326,0.041774508,0.33035302,0.033972807,0.003589457,0.064,0.0128,0.0152,0.3392,0.0272,0.0152,0.0184,0.37685102,0.044234056,0.33893427,0.0045089414,0.053599999999999995,0.59998244,0.010400000000000001,0.0184,0.0184,0.0288,0.0128,0.020800000000000003,0.5134567,0.061298124,0.46258092
-0.08109056,0.003865894,0.012,0.012,0.0144,0.017599999999999998,0.020800000000000003,0.0128,0.016800000000000002,0.3015675,0.04700454,0.2555239,0.034024753,0.0033056028,0.0256,0.0136,0.0152,0.4136,0.024,0.0152,0.0184,0.37151927,0.048498318,0.32467413,0.004550703,0.016,0.6422421,0.0136,0.016,0.20240000000000002,0.0272,0.0144,0.0184,0.46401876,0.061080206,0.40458843
-0.081331976,0.0035525672,0.008799999999999999,0.008,0.017599999999999998,0.3992,0.0272,0.008799999999999999,0.02,0.30443946,0.028427187,0.27614757,0.03402568,0.0031887218,0.0224,0.0096,0.016,0.4128,0.031200000000000002,0.012,0.0232,0.3660695,0.02840868,0.33905238,0.0039805616,0.0232,0.83726305,0.0184,0.0128,0.4136,0.024,0.020800000000000003,0.0144,0.47574311,0.080189504,0.39778754
-0.081373245,0.0034828857,0.008,0.010400000000000001,0.012,0.1456,0.0232,0.0136,0.016,0.23120847,0.029059555,0.20469178,0.03404493,0.0031694733,0.0192,0.012,0.0192,0.4184,0.08320000000000001,0.0144,0.024,0.50492334,0.04255683,0.46375984,0.0039096395,0.016,0.8062648,0.0144,0.016800000000000002,0.4032,0.0272,0.0184,0.0192,0.5244488,0.06277048,0.46560413
-0.08153946,0.0032053106,0.012,0.0072,0.0192,0.3344,0.0272,0.008799999999999999,0.0224,0.34788847,0.026222784,0.32436743,0.0341261,0.0028563961,0.0304,0.0136,0.016800000000000002,0.4248,0.028,0.016,0.0184,0.38189304,0.040362462,0.34177312,0.0036617566,0.0264,0.8456399,0.016,0.0136,0.348,0.0296,0.017599999999999998,0.016,0.516545,0.071015075,0.44874677
-0.08145823,0.0031240843,0.0184,0.0128,0.0144,0.39840000000000003,0.020800000000000003,0.0144,0.0152,0.34221515,0.04799998,0.29528397,0.03414906,0.0028334372,0.0288,0.0128,0.02,0.3608,0.032,0.0136,0.0216,0.37464568,0.03463482,0.34113517,0.0035775765,0.0232,0.72395706,0.0152,0.016,0.4032,0.032,0.0152,0.02,0.50453264,0.0604746,0.44507015
-0.08123567,0.0031234175,0.0096,0.0072,0.016,0.3672,0.0264,0.0096,0.0184,0.23720104,0.02494381,0.21190478,0.034166917,0.0025836714,0.0304,0.016800000000000002,0.0144,0.4224,0.024,0.020800000000000003,0.0192,0.35603237,0.04947909,0.3060565,0.003535282,0.0136,0.4875168,0.010400000000000001,0.02,0.2896,0.0272,0.0112,0.0224,0.37634426,0.036722653,0.33904633
-0.08110254,0.0029902905,0.012,0.0112,0.0136,0.38239999999999996,0.0224,0.0136,0.016,0.28836215,0.034868974,0.2523039,0.03405931,0.0028072335,0.024,0.0112,0.0192,0.4144,0.028,0.0152,0.0216,0.37957594,0.034936816,0.34606537,0.0034716404,0.0144,0.53288126,0.010400000000000001,0.0192,0.38480000000000003,0.032,0.0136,0.020800000000000003,0.44121093,0.04192414,0.3996482
-0.080804974,0.002914615,0.0136,0.0096,0.016,0.3416,0.0248,0.0144,0.017599999999999998,0.3507645,0.034015693,0.317369,0.03406534,0.0028012022,0.0296,0.016,0.0136,0.4144,0.0256,0.016800000000000002,0.0184,0.36925396,0.044160396,0.33006176,0.0033314559,0.0192,0.684132,0.0128,0.016800000000000002,0.39359999999999995,0.028,0.0136,0.0216,0.50519997,0.049810644,0.45818052
-0.08047545,0.0031398349,0.012,0.008799999999999999,0.017599999999999998,0.4064,0.0248,0.0112,0.0184,0.32473794,0.03167569,0.29578042,0.03397397,0.002776619,0.031200000000000002,0.016800000000000002,0.012,0.42160000000000003,0.0384,0.016800000000000002,0.016,0.3624114,0.047064755,0.3182332,0.0034896366,0.0144,0.5197053,0.008799999999999999,0.02,0.3952,0.0296,0.010400000000000001,0.0216,0.46184373,0.03701415,0.42720062
-0.080065615,0.002840951,0.0152,0.012,0.0144,0.3656,0.0224,0.0136,0.0144,0.32502732,0.038889043,0.28608444,0.033876795,0.0026418865,0.0248,0.0096,0.0216,0.4144,0.035199999999999995,0.0128,0.0232,0.42427912,0.02705253,0.3999289,0.0035673417,0.0248,0.8339266,0.017599999999999998,0.0128,0.3256,0.0272,0.0184,0.016,0.5326204,0.06624226,0.4675434
-0.07993314,0.002819419,0.012,0.0096,0.016,0.408,0.0224,0.0136,0.020800000000000003,0.35236835,0.03141833,0.32252324,0.03377963,0.0027390532,0.0248,0.0096,0.0184,0.39359999999999995,0.0288,0.0128,0.0216,0.3912876,0.029716836,0.36612576,0.0034820011,0.0192,0.6271348,0.0136,0.0152,0.316,0.0248,0.0144,0.0192,0.5149352,0.052823473,0.4669719
-0.079795346,0.0032363683,0.010400000000000001,0.008,0.017599999999999998,0.34400000000000003,0.028,0.008799999999999999,0.0192,0.29019037,0.026872877,0.26356274,0.03380537,0.0028292648,0.028,0.0144,0.016,0.4248,0.0304,0.0152,0.0192,0.34809488,0.038032785,0.31156954,0.0036597585,0.020800000000000003,0.7027792,0.0136,0.0152,0.3736,0.0264,0.016,0.017599999999999998,0.44641736,0.05947848,0.38824254
-0.079748295,0.0031893179,0.0136,0.0112,0.0184,0.3792,0.024,0.012,0.0192,0.36484826,0.036133833,0.3298995,0.033742756,0.0031237863,0.0272,0.012,0.017599999999999998,0.3336,0.0328,0.0136,0.024,0.3536604,0.03431763,0.31817868,0.0039470326,0.0272,0.9131391,0.0184,0.012,0.2424,0.0288,0.0184,0.016800000000000002,0.502915,0.078591146,0.42471567
-0.079534836,0.003308706,0.012,0.0096,0.016800000000000002,0.29359999999999997,0.024,0.012,0.02,0.27310112,0.03531824,0.23704287,0.03378311,0.0029674768,0.028,0.012,0.016800000000000002,0.4192,0.031200000000000002,0.0152,0.02,0.36838114,0.039391607,0.33127606,0.003743877,0.0216,0.65201914,0.016,0.0144,0.2048,0.0272,0.017599999999999998,0.02,0.44060817,0.06773104,0.37355912
-0.07971701,0.0030470863,0.0096,0.008799999999999999,0.017599999999999998,0.3776,0.024,0.010400000000000001,0.02,0.3461567,0.027911056,0.31941813,0.033740897,0.0028937384,0.0264,0.0128,0.016,0.39840000000000003,0.0288,0.0136,0.0184,0.37952262,0.037748575,0.3447366,0.0038973417,0.0192,0.67318934,0.0136,0.0144,0.0976,0.0272,0.0152,0.0192,0.50726396,0.05922593,0.45231083
-0.07970015,0.0032521226,0.017599999999999998,0.0152,0.0128,0.3424,0.02,0.016,0.0128,0.33695224,0.05523728,0.28081232,0.033749018,0.0030015707,0.0272,0.0112,0.016,0.41119999999999995,0.031200000000000002,0.0128,0.02,0.36705214,0.03410472,0.33493304,0.003920708,0.0184,0.59263223,0.0112,0.017599999999999998,0.3432,0.0264,0.0144,0.02,0.4845085,0.05352682,0.4313497
-0.0798659,0.0031959787,0.010400000000000001,0.0096,0.016,0.4088,0.0248,0.012,0.017599999999999998,0.23537412,0.031784263,0.20308812,0.033685014,0.003065575,0.0304,0.016800000000000002,0.010400000000000001,0.41759999999999997,0.020800000000000003,0.017599999999999998,0.0112,0.34872892,0.0549206,0.29562226,0.0036627837,0.017599999999999998,0.6232717,0.0136,0.0144,0.352,0.0264,0.016,0.017599999999999998,0.39466873,0.056833897,0.33846235
-0.079957776,0.0035097487,0.0128,0.010400000000000001,0.0152,0.37679999999999997,0.024,0.0112,0.017599999999999998,0.34655416,0.03829328,0.31116158,0.033643268,0.0029913671,0.028,0.0128,0.0152,0.3704,0.0288,0.0136,0.017599999999999998,0.38293815,0.038024634,0.34734046,0.0037086676,0.016,0.48100176,0.0096,0.0184,0.38,0.0272,0.012,0.020800000000000003,0.48440433,0.047330882,0.4400533
-0.07990319,0.0033442192,0.0128,0.0096,0.016800000000000002,0.3184,0.0232,0.012,0.017599999999999998,0.27943495,0.036088567,0.24304384,0.033759687,0.0029909015,0.0288,0.012,0.0152,0.32,0.028,0.0136,0.017599999999999998,0.3213646,0.040651392,0.28205642,0.003835509,0.017599999999999998,0.56799173,0.0112,0.016,0.3232,0.028,0.0128,0.020800000000000003,0.40843382,0.049705595,0.358364
-0.08014417,0.003252346,0.0136,0.010400000000000001,0.0136,0.41119999999999995,0.0224,0.0128,0.017599999999999998,0.31881407,0.03820382,0.28109157,0.033621933,0.0030127019,0.0272,0.0112,0.016800000000000002,0.4192,0.0264,0.0152,0.017599999999999998,0.33238158,0.036918186,0.29446486,0.0038147117,0.0192,0.652759,0.0128,0.016800000000000002,0.3544,0.0272,0.0144,0.017599999999999998,0.4551515,0.05458371,0.4006374
-0.08004675,0.0033768266,0.016800000000000002,0.0152,0.010400000000000001,0.4096,0.02,0.016,0.0136,0.24996617,0.05216307,0.19970651,0.033668313,0.0030822754,0.031200000000000002,0.016,0.0128,0.404,0.0224,0.016800000000000002,0.0152,0.3743586,0.05017288,0.32612202,0.004069225,0.016800000000000002,0.5919661,0.0096,0.016,0.3216,0.0264,0.012,0.020800000000000003,0.41632295,0.045954403,0.3730624
-0.080107555,0.0036595277,0.012,0.0096,0.0144,0.2856,0.0248,0.0112,0.016800000000000002,0.21125057,0.036142636,0.17408286,0.03365602,0.0030945688,0.0272,0.0136,0.016,0.4136,0.0264,0.0144,0.0184,0.3469386,0.038658086,0.30902186,0.0039876634,0.0136,0.47369477,0.008,0.02,0.28719999999999996,0.0288,0.0112,0.0216,0.34625506,0.038688265,0.30664247
-0.08020851,0.0033166893,0.0096,0.008,0.0152,0.38,0.0224,0.010400000000000001,0.0184,0.25789467,0.02959301,0.22993565,0.033714,0.0030365884,0.0304,0.016,0.0112,0.408,0.0224,0.0192,0.0144,0.3324398,0.051500037,0.28257984,0.0037450579,0.017599999999999998,0.5981708,0.0136,0.0152,0.316,0.0256,0.0144,0.016800000000000002,0.4003231,0.05611055,0.3468359
-0.08046258,0.0036817119,0.010400000000000001,0.0096,0.016,0.3816,0.0224,0.010400000000000001,0.016800000000000002,0.23709223,0.03488125,0.20181061,0.03367968,0.0034187697,0.0264,0.0136,0.0128,0.4064,0.0248,0.0144,0.017599999999999998,0.30229053,0.04208782,0.26031542,0.004106142,0.0152,0.5163748,0.010400000000000001,0.016,0.0192,0.024,0.012,0.0192,0.35542908,0.052045856,0.30324924
-0.08064011,0.0039701834,0.010400000000000001,0.008,0.016,0.3552,0.0232,0.008799999999999999,0.017599999999999998,0.32807925,0.03474822,0.29423997,0.033787746,0.0034266561,0.031200000000000002,0.0152,0.008799999999999999,0.4144,0.017599999999999998,0.0192,0.0136,0.39876577,0.0557189,0.34565914,0.0042258454,0.017599999999999998,0.53408134,0.0128,0.0152,0.3624,0.0216,0.0136,0.016800000000000002,0.48538175,0.062544204,0.42576933
-0.08096074,0.0039579757,0.0128,0.0096,0.0144,0.0472,0.0224,0.012,0.017599999999999998,0.2963968,0.043578763,0.25357068,0.03377267,0.0035576858,0.028,0.0112,0.0136,0.4168,0.0216,0.0152,0.016800000000000002,0.34827095,0.04184423,0.30826703,0.004287158,0.02,0.6951757,0.012,0.016800000000000002,0.3504,0.0248,0.0144,0.017599999999999998,0.4506899,0.06660922,0.3853584
-0.08128848,0.004063815,0.0144,0.012,0.0112,0.017599999999999998,0.02,0.0144,0.0136,0.3007723,0.055951625,0.24540904,0.033789832,0.0033086166,0.0248,0.010400000000000001,0.016,0.4152,0.0256,0.012,0.02,0.33957282,0.031487666,0.30884516,0.0043994,0.0144,0.39311528,0.0096,0.0152,0.016800000000000002,0.024,0.012,0.02,0.40790892,0.051399913,0.356902
-0.08154877,0.004213158,0.012,0.0112,0.012,0.08,0.0184,0.0144,0.0144,0.26322675,0.05099304,0.21363278,0.033898365,0.0036638975,0.0256,0.012,0.0136,0.3744,0.020800000000000003,0.0152,0.016,0.34734136,0.04593338,0.3032791,0.0046513085,0.0152,0.5392495,0.0112,0.0136,0.08320000000000001,0.024,0.0136,0.017599999999999998,0.40423045,0.062229432,0.34398693
-0.081850104,0.0045144893,0.0472,0.010400000000000001,0.0144,0.031200000000000002,0.020800000000000003,0.012,0.0152,0.31603247,0.05677325,0.26200056,0.033932224,0.0036300402,0.0584,0.008,0.0184,0.33039999999999997,0.0264,0.008799999999999999,0.0192,0.3436299,0.02230234,0.32948363,0.005039041,0.0512,0.4603378,0.0112,0.0144,0.017599999999999998,0.024,0.0136,0.017599999999999998,0.43579212,0.06923555,0.37207875
-0.0820334,0.0050306357,0.0144,0.0128,0.010400000000000001,0.2984,0.016800000000000002,0.016,0.012,0.29030782,0.07357629,0.21841325,0.03390045,0.0041256286,0.0216,0.0072,0.016800000000000002,0.36479999999999996,0.0248,0.010400000000000001,0.0192,0.38114306,0.028485177,0.3552855,0.0055679297,0.0144,0.44292468,0.010400000000000001,0.0144,0.2984,0.0216,0.012,0.016800000000000002,0.4256454,0.06684608,0.36113584
-0.08210396,0.0051011927,0.0152,0.0128,0.008799999999999999,0.0184,0.016,0.016800000000000002,0.012,0.23660108,0.078283295,0.15694009,0.03398765,0.004154384,0.0256,0.010400000000000001,0.0136,0.4208,0.02,0.0128,0.0152,0.33302125,0.039945543,0.29359713,0.0055487305,0.0152,0.40438613,0.010400000000000001,0.0128,0.016800000000000002,0.02,0.0128,0.016,0.34854653,0.0708165,0.27672496
-0.08212171,0.004897043,0.0056,0.0072,0.016800000000000002,0.0128,0.0224,0.0096,0.017599999999999998,0.2714333,0.028620921,0.24402902,0.033988114,0.004037965,0.0216,0.0112,0.0144,0.2328,0.0224,0.0136,0.0192,0.34101975,0.044207007,0.29730532,0.0053153047,0.010400000000000001,0.3993621,0.0096,0.016,0.016,0.0224,0.0112,0.017599999999999998,0.38267297,0.05314916,0.33166933
-0.08193021,0.005038392,0.0072,0.0072,0.016,0.012,0.0224,0.008799999999999999,0.017599999999999998,0.1893896,0.034028776,0.15421894,0.03397582,0.0043981187,0.0248,0.0112,0.0128,0.09680000000000001,0.0184,0.0144,0.0144,0.29701844,0.047753174,0.24854994,0.0055225375,0.0152,0.55088407,0.0112,0.012,0.0184,0.02,0.0136,0.016,0.31684324,0.072880775,0.24204949
-0.081730284,0.00506036,0.0096,0.0072,0.0152,0.0128,0.0224,0.010400000000000001,0.016,0.29451358,0.043527313,0.25279692,0.033867057,0.0042749755,0.0232,0.008799999999999999,0.016,0.38,0.0232,0.010400000000000001,0.016800000000000002,0.33789113,0.029472152,0.30762732,0.0053694667,0.0216,0.8860333,0.0136,0.0112,0.0184,0.0184,0.0152,0.0136,0.44799674,0.08689239,0.36206076
-0.08141097,0.004075352,0.0056,0.0048,0.0192,0.008799999999999999,0.0248,0.0072,0.02,0.19870025,0.018985897,0.17950615,0.033879578,0.0036826842,0.0272,0.0136,0.0096,0.3944,0.017599999999999998,0.0152,0.0128,0.28165653,0.047638424,0.23562306,0.004578898,0.0144,0.52405137,0.0096,0.0152,0.09999999999999999,0.0216,0.012,0.016800000000000002,0.3129731,0.05423553,0.25893188
-0.081258744,0.0042559765,0.0128,0.0112,0.012,0.016,0.0192,0.0136,0.0136,0.25139892,0.0530066,0.1982546,0.0338165,0.003513854,0.0264,0.0112,0.0136,0.2328,0.02,0.0136,0.0144,0.3085552,0.0387322,0.27179796,0.0046568103,0.0152,0.47323203,0.010400000000000001,0.0136,0.2216,0.0224,0.012,0.016800000000000002,0.36439893,0.058223926,0.30668962
-0.081004016,0.0042231455,0.010400000000000001,0.0072,0.016,0.25120000000000003,0.024,0.008799999999999999,0.0192,0.31198883,0.033709705,0.2787043,0.03381604,0.0033983625,0.024,0.008,0.0192,0.412,0.0256,0.0112,0.0216,0.33301896,0.021943005,0.315742,0.0046261917,0.020800000000000003,0.65513855,0.0128,0.0136,0.1288,0.0224,0.0144,0.0144,0.45029393,0.07231148,0.38114733
-0.080708005,0.004370924,0.0128,0.010400000000000001,0.0136,0.212,0.020800000000000003,0.012,0.016,0.2577338,0.05307065,0.20370188,0.03384642,0.0037158448,0.0296,0.0152,0.012,0.3816,0.017599999999999998,0.016,0.0144,0.3167276,0.052028514,0.2665198,0.004766164,0.0232,0.7847443,0.016,0.0112,0.22240000000000001,0.0192,0.017599999999999998,0.0136,0.40617818,0.089427486,0.31685382
-0.08066008,0.0044339523,0.012,0.0096,0.0128,0.1176,0.0216,0.0128,0.016,0.31443787,0.050421756,0.2644001,0.033748787,0.0036975238,0.0288,0.0144,0.0112,0.25279999999999997,0.017599999999999998,0.0152,0.0152,0.40780857,0.05159554,0.36154318,0.004978435,0.016800000000000002,0.56224567,0.012,0.0144,0.0216,0.0224,0.0136,0.017599999999999998,0.48343095,0.06702136,0.41829967
-0.08059174,0.004032761,0.0128,0.0112,0.0136,0.4024,0.0224,0.0136,0.0152,0.2783798,0.045995813,0.23278,0.033811867,0.0032865815,0.0232,0.008799999999999999,0.0192,0.412,0.028,0.0112,0.02,0.32223284,0.027941933,0.29463595,0.004211162,0.0144,0.49787858,0.0096,0.016800000000000002,0.4032,0.0256,0.0112,0.020800000000000003,0.39847025,0.04792295,0.351111
-0.08060305,0.0036002807,0.012,0.0096,0.0144,0.4096,0.0232,0.0128,0.016800000000000002,0.26267207,0.03935898,0.22428392,0.03380537,0.0034090318,0.028,0.0128,0.0152,0.4128,0.0232,0.0152,0.016,0.41152135,0.045337845,0.36943027,0.0042452607,0.017599999999999998,0.5584644,0.012,0.0152,0.1752,0.0256,0.0144,0.017599999999999998,0.44082302,0.05828425,0.38468307
-0.08069403,0.0043569505,0.0112,0.0096,0.0152,0.24,0.0224,0.0112,0.0192,0.30971584,0.043134585,0.26644593,0.033814646,0.0036316626,0.0272,0.0128,0.0136,0.16640000000000002,0.0224,0.0152,0.017599999999999998,0.35447264,0.045671783,0.30890298,0.0046206624,0.0216,0.7214696,0.0152,0.012,0.3584,0.0224,0.0184,0.016,0.466671,0.085399464,0.38179085
-0.08056689,0.004451707,0.0472,0.010400000000000001,0.016,0.016800000000000002,0.0216,0.0128,0.017599999999999998,0.2794953,0.05617574,0.22024882,0.03388399,0.0036782753,0.0608,0.010400000000000001,0.016,0.4184,0.0248,0.0136,0.0192,0.40728638,0.035234973,0.38189262,0.0048084226,0.0512,0.49563345,0.0112,0.0152,0.0184,0.0248,0.0136,0.0184,0.43956387,0.06843467,0.37182978
-0.08061148,0.004163455,0.0112,0.010400000000000001,0.0136,0.016,0.0224,0.0112,0.017599999999999998,0.23560317,0.0455293,0.1910019,0.03383181,0.003614502,0.0272,0.0128,0.0144,0.3816,0.0216,0.0152,0.016800000000000002,0.4035193,0.05111785,0.35887727,0.0046790787,0.016,0.52346885,0.012,0.016,0.0184,0.0256,0.0136,0.0192,0.40576786,0.06426945,0.34448734
-0.08052628,0.0043001473,0.0128,0.012,0.0128,0.1656,0.020800000000000003,0.0136,0.016,0.27055645,0.056487087,0.21852164,0.033941966,0.0038522054,0.0272,0.0128,0.016,0.4136,0.0248,0.0144,0.02,0.34096104,0.05270637,0.2911011,0.004918218,0.016800000000000002,0.5514379,0.0128,0.0144,0.07919999999999999,0.0256,0.0152,0.0184,0.40908623,0.071820736,0.34272522
-0.08050497,0.0042788386,0.0136,0.0112,0.0136,0.348,0.0224,0.0136,0.017599999999999998,0.32801965,0.052547634,0.27742714,0.033856392,0.003589917,0.0256,0.0096,0.017599999999999998,0.39359999999999995,0.0288,0.012,0.02,0.3872845,0.03405782,0.35818022,0.0047356314,0.02,0.6269382,0.0136,0.0152,0.0216,0.0232,0.0152,0.0184,0.4928468,0.07582788,0.422155
-0.08039402,0.004167892,0.012,0.010400000000000001,0.0152,0.016,0.024,0.012,0.017599999999999998,0.29507023,0.045654207,0.24969232,0.03394637,0.0036158953,0.0272,0.0144,0.0128,0.4008,0.0248,0.0152,0.016800000000000002,0.36432934,0.044903733,0.32444137,0.0045524575,0.0232,0.80072546,0.016800000000000002,0.0128,0.024,0.02,0.0192,0.0152,0.46696174,0.08712424,0.3834948
-0.08035564,0.0041295066,0.0144,0.012,0.0136,0.3584,0.0216,0.0128,0.016800000000000002,0.23566079,0.051697634,0.1825165,0.0339255,0.0034048557,0.0248,0.008799999999999999,0.017599999999999998,0.4168,0.0328,0.0112,0.0224,0.3707036,0.028905334,0.34275883,0.004440849,0.02,0.5917661,0.0144,0.0136,0.364,0.0224,0.0152,0.0184,0.402377,0.07115504,0.33067718
-0.08047768,0.0036968067,0.0128,0.0096,0.0152,0.0152,0.024,0.012,0.017599999999999998,0.30677527,0.039954793,0.26661193,0.033904165,0.003310237,0.0272,0.0112,0.0184,0.3544,0.0304,0.0144,0.0216,0.36119458,0.040541004,0.32316187,0.0041813743,0.016800000000000002,0.5402533,0.010400000000000001,0.0152,0.0184,0.0288,0.0128,0.0216,0.44886544,0.05292655,0.39679036
-0.08052849,0.003525719,0.0152,0.012,0.0136,0.3312,0.020800000000000003,0.0144,0.016800000000000002,0.30072677,0.04956979,0.24980143,0.033890713,0.0030917823,0.0264,0.010400000000000001,0.016,0.39999999999999997,0.0272,0.0144,0.02,0.3838073,0.035471573,0.3516882,0.0041273893,0.0232,0.8052379,0.0152,0.0136,0.0576,0.0256,0.016800000000000002,0.016,0.48510882,0.07351324,0.41318524
-0.08065564,0.003541924,0.0488,0.012,0.0136,0.4488,0.0224,0.012,0.017599999999999998,0.33307403,0.04630621,0.29002604,0.033923645,0.0030588508,0.062400000000000004,0.0136,0.0152,0.3992,0.028,0.0136,0.0192,0.34449807,0.038106956,0.3091323,0.0038896604,0.06,0.8580899,0.016800000000000002,0.0128,0.4432,0.028,0.02,0.016800000000000002,0.47843724,0.07906615,0.40453213
-0.08083803,0.0032805204,0.0136,0.0112,0.0144,0.324,0.020800000000000003,0.0128,0.017599999999999998,0.31386852,0.041123655,0.2730395,0.033978608,0.0028879344,0.0272,0.0144,0.016,0.4264,0.028,0.0152,0.0192,0.3576575,0.038705684,0.319045,0.0037631078,0.0192,0.6218676,0.0144,0.0152,0.3192,0.0256,0.016,0.0192,0.46346468,0.059681073,0.4036881
-0.081057936,0.003167577,0.0112,0.0096,0.0136,0.41040000000000004,0.0288,0.0128,0.016800000000000002,0.3456604,0.030255646,0.31625903,0.034015708,0.0029667877,0.0272,0.0112,0.0136,0.42319999999999997,0.0288,0.0144,0.0184,0.42352518,0.041038834,0.38468078,0.003539037,0.0192,0.74026436,0.0128,0.016800000000000002,0.4184,0.0264,0.0152,0.0216,0.54085827,0.053632095,0.49093413
-0.081208825,0.0028746724,0.012,0.0096,0.0152,0.39840000000000003,0.0232,0.012,0.016800000000000002,0.3255779,0.030471988,0.29684225,0.034034036,0.0028325059,0.0256,0.0112,0.0184,0.4064,0.031200000000000002,0.0128,0.02,0.42647225,0.036374003,0.3955127,0.0034121447,0.0216,0.86664253,0.0144,0.017599999999999998,0.408,0.0288,0.016800000000000002,0.0192,0.53581554,0.057982385,0.48336434
-0.08149351,0.0031593628,0.012,0.0112,0.012,0.3808,0.0232,0.012,0.016800000000000002,0.3037675,0.03374376,0.27159247,0.03410453,0.002993919,0.024,0.0112,0.017599999999999998,0.3672,0.0304,0.0112,0.020800000000000003,0.398419,0.030333482,0.3708221,0.0034340955,0.0152,0.60399324,0.0096,0.0184,0.384,0.031200000000000002,0.012,0.02,0.47629884,0.04135768,0.43749803
-0.081527695,0.0030825958,0.0144,0.0112,0.012,0.41040000000000004,0.0216,0.0128,0.0152,0.36824256,0.035183158,0.33440328,0.034136765,0.0027297772,0.028,0.0144,0.0136,0.392,0.0304,0.016,0.017599999999999998,0.3806203,0.039768625,0.34421095,0.0034594885,0.0144,0.47113135,0.0072,0.016800000000000002,0.2968,0.031200000000000002,0.0112,0.020800000000000003,0.500886,0.032863606,0.4704702
-0.081424735,0.0027577393,0.016800000000000002,0.0144,0.012,0.41600000000000004,0.02,0.016,0.0144,0.2906904,0.04027172,0.25185844,0.03418361,0.002798885,0.0288,0.0136,0.0152,0.41119999999999995,0.028,0.016,0.0152,0.410072,0.039884336,0.37308288,0.0032082081,0.016800000000000002,0.53633213,0.010400000000000001,0.016800000000000002,0.3992,0.0304,0.0128,0.02,0.45941547,0.03946965,0.42230317
-0.08139478,0.0027277805,0.010400000000000001,0.0064,0.017599999999999998,0.38239999999999996,0.0256,0.0096,0.0192,0.35642397,0.021925438,0.33545467,0.03415625,0.0028262436,0.032,0.017599999999999998,0.0144,0.39999999999999997,0.031200000000000002,0.020800000000000003,0.0152,0.43557367,0.049043477,0.39081568,0.0032586306,0.016,0.5788468,0.0096,0.0192,0.39359999999999995,0.032,0.010400000000000001,0.024,0.5366448,0.03608304,0.503228
-0.08128671,0.0027306676,0.0112,0.0072,0.0152,0.3968,0.0256,0.0096,0.02,0.30244824,0.022807486,0.28025857,0.03406395,0.0029185452,0.028,0.0128,0.016,0.4208,0.0272,0.0136,0.016800000000000002,0.40426952,0.036287557,0.37122282,0.0034811832,0.0248,0.93579143,0.0152,0.012,0.2352,0.0264,0.017599999999999998,0.016,0.5048715,0.058139443,0.45031202
-0.08088685,0.0031074397,0.0096,0.0064,0.017599999999999998,0.2784,0.0272,0.008,0.0192,0.33161896,0.022200279,0.30931836,0.03403705,0.0027135387,0.033600000000000005,0.0184,0.008799999999999999,0.42800000000000005,0.0192,0.020800000000000003,0.012,0.42444432,0.056803606,0.3709898,0.0033934994,0.0152,0.5542131,0.0096,0.017599999999999998,0.284,0.0296,0.0112,0.0216,0.5053547,0.03816029,0.46885663
-0.080633454,0.002964992,0.0096,0.008,0.0184,0.39280000000000004,0.0264,0.008799999999999999,0.02,0.25164008,0.022155166,0.22822994,0.034005504,0.0028610379,0.0288,0.016,0.0112,0.4192,0.0248,0.0184,0.0144,0.35534418,0.04293351,0.31487644,0.0033324102,0.020800000000000003,0.8543773,0.0128,0.017599999999999998,0.41119999999999995,0.032,0.0152,0.017599999999999998,0.43323618,0.051736373,0.38210157
-0.08022604,0.003223274,0.0112,0.008799999999999999,0.0144,0.3,0.0232,0.010400000000000001,0.0184,0.29023805,0.030924417,0.2576192,0.034015246,0.0029672496,0.0272,0.0128,0.0152,0.41759999999999997,0.0232,0.0144,0.017599999999999998,0.34850097,0.04035882,0.3098885,0.0035424028,0.0144,0.49789232,0.0096,0.0192,0.30479999999999996,0.0304,0.0136,0.020800000000000003,0.42143583,0.040536575,0.38010085
-0.08003255,0.0032516792,0.0184,0.0144,0.0112,0.3624,0.0184,0.016,0.0128,0.2869128,0.055039745,0.23177141,0.033867057,0.0029994845,0.0264,0.008799999999999999,0.016,0.404,0.031200000000000002,0.012,0.020800000000000003,0.32420862,0.029990721,0.2953362,0.0037371241,0.02,0.6254058,0.0128,0.016800000000000002,0.25279999999999997,0.0264,0.0152,0.02,0.4224078,0.056324728,0.3669844
-0.079721004,0.003383927,0.0152,0.0096,0.016,0.3368,0.0256,0.0136,0.017599999999999998,0.2528482,0.04088445,0.2111316,0.033859406,0.0030071363,0.035199999999999995,0.016800000000000002,0.0112,0.3952,0.0232,0.02,0.0136,0.34873128,0.058683597,0.29087055,0.0038554634,0.0192,0.49976206,0.0112,0.016800000000000002,0.18,0.0272,0.0136,0.020800000000000003,0.3890419,0.053186566,0.33390388
-0.07964134,0.0033042654,0.017599999999999998,0.0136,0.0096,0.41600000000000004,0.02,0.0144,0.016,0.3479857,0.049283672,0.30072168,0.03377105,0.0029795393,0.028,0.010400000000000001,0.016800000000000002,0.4064,0.031200000000000002,0.0136,0.0192,0.36954486,0.03181301,0.3407884,0.0037683703,0.020800000000000003,0.6129457,0.0136,0.0152,0.32239999999999996,0.0264,0.0144,0.0192,0.49722892,0.05676439,0.4436501
-0.07965399,0.0034278631,0.0136,0.0112,0.0144,0.3808,0.0216,0.0128,0.016800000000000002,0.29301435,0.042518992,0.2519634,0.033621468,0.003129121,0.0248,0.0096,0.017599999999999998,0.28640000000000004,0.0288,0.0136,0.020800000000000003,0.36809754,0.032648608,0.33910924,0.0038943903,0.0248,0.93314207,0.017599999999999998,0.0112,0.1296,0.0256,0.0184,0.0144,0.47019935,0.07496232,0.4002108
-0.07968373,0.003568545,0.012,0.010400000000000001,0.016,0.2136,0.024,0.010400000000000001,0.0192,0.36868256,0.037440676,0.33151484,0.033655327,0.0032112151,0.0288,0.0128,0.0144,0.36160000000000003,0.028,0.016800000000000002,0.017599999999999998,0.39267874,0.045451947,0.35081956,0.0038946636,0.0192,0.5902459,0.0136,0.016,0.20879999999999999,0.028,0.016,0.0192,0.5248543,0.063326344,0.46374005
-0.07975984,0.0037556104,0.017599999999999998,0.0128,0.0128,0.3744,0.020800000000000003,0.0144,0.016800000000000002,0.39293045,0.05777098,0.33568105,0.033688955,0.0030616336,0.0296,0.0128,0.0152,0.41759999999999997,0.0272,0.0152,0.0192,0.34415007,0.039650027,0.30460998,0.0042832075,0.0184,0.5530651,0.010400000000000001,0.016800000000000002,0.4064,0.0272,0.012,0.02,0.5151331,0.055051934,0.46090016
-0.079774484,0.003548354,0.010400000000000001,0.008,0.0184,0.396,0.0248,0.0112,0.02,0.28286353,0.030373916,0.25390598,0.033701245,0.0031652972,0.031200000000000002,0.016,0.012,0.3288,0.0224,0.0192,0.0152,0.32252643,0.0539905,0.26605713,0.0040308437,0.020800000000000003,0.7739557,0.0136,0.0144,0.0216,0.0272,0.016,0.02,0.4277264,0.06454155,0.36358464
-0.07987944,0.0038752072,0.012,0.008799999999999999,0.016,0.3248,0.0248,0.010400000000000001,0.0184,0.3428301,0.036825996,0.308658,0.033653703,0.0033287928,0.028,0.012,0.0144,0.3776,0.0256,0.0144,0.0192,0.43123433,0.04183376,0.39285377,0.0041677537,0.0248,0.880222,0.016800000000000002,0.0136,0.3744,0.0248,0.017599999999999998,0.017599999999999998,0.550806,0.08026202,0.4769127
-0.07993337,0.004040085,0.0112,0.008,0.016,0.364,0.0248,0.0112,0.020800000000000003,0.29951268,0.036923286,0.26190117,0.03368014,0.003186401,0.0248,0.010400000000000001,0.016800000000000002,0.4008,0.0264,0.0112,0.0224,0.3375427,0.03198927,0.30565554,0.004325203,0.02,0.7158768,0.0136,0.0144,0.2968,0.0272,0.0152,0.016800000000000002,0.44751,0.06709026,0.38007632
-0.08000304,0.003998805,0.0096,0.0072,0.016800000000000002,0.3568,0.0248,0.0096,0.02,0.2805339,0.0334514,0.24658369,0.033670403,0.003543999,0.0272,0.0128,0.0144,0.4256,0.0256,0.0152,0.016,0.35910732,0.0467496,0.31527695,0.004560824,0.016800000000000002,0.5501493,0.0128,0.0144,0.02,0.0232,0.0128,0.017599999999999998,0.42688665,0.06223527,0.36543822
-0.080058075,0.0040538423,0.0136,0.010400000000000001,0.0144,0.29919999999999997,0.0224,0.0128,0.017599999999999998,0.28930762,0.04838986,0.24304208,0.033649992,0.00356441,0.031200000000000002,0.0144,0.008799999999999999,0.4256,0.024,0.016800000000000002,0.0144,0.3557485,0.051119294,0.30890334,0.0045240726,0.017599999999999998,0.5604569,0.012,0.017599999999999998,0.3032,0.0224,0.0136,0.0184,0.4341535,0.0589322,0.3781183
-0.08008115,0.0042988136,0.008799999999999999,0.008799999999999999,0.016800000000000002,0.0136,0.0232,0.010400000000000001,0.0184,0.30150837,0.03652495,0.26600486,0.033629354,0.0034690946,0.0232,0.008799999999999999,0.016800000000000002,0.4208,0.0264,0.0112,0.02,0.33875933,0.033234805,0.3062924,0.0047838357,0.0192,0.74326164,0.0128,0.0112,0.0432,0.0232,0.0152,0.016,0.4512262,0.07572258,0.37712896
-0.08014483,0.004473444,0.010400000000000001,0.008,0.016,0.0136,0.0232,0.010400000000000001,0.0184,0.23066226,0.04151248,0.18861279,0.033590622,0.0038556885,0.0272,0.012,0.0128,0.3504,0.0224,0.0144,0.016800000000000002,0.30496317,0.04250493,0.26229233,0.004914078,0.016,0.5252931,0.010400000000000001,0.016,0.3128,0.024,0.012,0.0184,0.3524925,0.061550085,0.28923234
-0.080268644,0.004819151,0.0136,0.0136,0.012,0.017599999999999998,0.0184,0.0152,0.0136,0.28557593,0.06761326,0.21978344,0.033665765,0.0037805438,0.0264,0.012,0.0152,0.3552,0.0224,0.0144,0.016,0.35319352,0.04788083,0.30750787,0.00519583,0.0152,0.528739,0.0112,0.0152,0.017599999999999998,0.0216,0.0128,0.016800000000000002,0.42474538,0.06852734,0.35786426
-0.08057353,0.0050130896,0.0136,0.010400000000000001,0.012,0.016800000000000002,0.02,0.012,0.0144,0.31275678,0.061368603,0.25217894,0.03365486,0.0040233564,0.032,0.0152,0.0096,0.0224,0.016,0.017599999999999998,0.0112,0.33458835,0.06272163,0.27788717,0.005270656,0.0152,0.37616187,0.0096,0.0152,0.016800000000000002,0.0232,0.012,0.017599999999999998,0.4138015,0.0647775,0.35083744
-0.08075638,0.004974045,0.010400000000000001,0.0096,0.0152,0.0136,0.020800000000000003,0.0112,0.017599999999999998,0.2386544,0.048353158,0.19072467,0.033782415,0.0042436644,0.0264,0.0112,0.012,0.3176,0.0216,0.012,0.016800000000000002,0.31753668,0.041364446,0.27764875,0.0053235614,0.017599999999999998,0.5914365,0.012,0.0128,0.22240000000000001,0.0216,0.0144,0.016800000000000002,0.37516057,0.077880085,0.29781818
-0.081098765,0.0055383258,0.0488,0.0112,0.012,0.017599999999999998,0.0184,0.0128,0.0136,0.21684949,0.074113384,0.1399622,0.03384132,0.0043007135,0.06,0.008799999999999999,0.016800000000000002,0.0144,0.0216,0.0112,0.017599999999999998,0.3000278,0.025596578,0.27869236,0.005808152,0.0488,0.30600864,0.008799999999999999,0.016,0.017599999999999998,0.0216,0.0112,0.017599999999999998,0.29716033,0.06590181,0.22946894
-0.08140431,0.0055110306,0.0464,0.0096,0.0136,0.4344,0.02,0.0128,0.016,0.27181977,0.06634432,0.20669304,0.033903703,0.004354283,0.061599999999999995,0.012,0.0136,0.2752,0.0216,0.0136,0.0152,0.28524274,0.036467616,0.25695017,0.005965903,0.0512,0.51971036,0.010400000000000001,0.0136,0.017599999999999998,0.0224,0.0128,0.016,0.37758926,0.08060148,0.30117518
-0.08164418,0.005639944,0.0112,0.0112,0.0136,0.0152,0.0216,0.0128,0.0144,0.3317792,0.063204534,0.26765102,0.033989042,0.0042689443,0.024,0.0112,0.0152,0.4088,0.0216,0.012,0.0184,0.3447303,0.035653353,0.31052408,0.0060369964,0.016,0.49683353,0.0112,0.0136,0.0192,0.0224,0.0136,0.016800000000000002,0.4559796,0.08352774,0.37058502
-0.081860974,0.0054129474,0.0072,0.008,0.016,0.0144,0.0216,0.0096,0.016800000000000002,0.2431917,0.040839188,0.20325023,0.03395031,0.004539583,0.0256,0.0136,0.010400000000000001,0.24480000000000002,0.0192,0.016,0.0136,0.40242139,0.06340346,0.3414299,0.0059913713,0.0128,0.44302946,0.010400000000000001,0.0144,0.0184,0.020800000000000003,0.0128,0.016,0.3922226,0.07153752,0.32216427
-0.0820882,0.005640175,0.0112,0.0112,0.0128,0.016,0.0192,0.0128,0.0144,0.24064644,0.063873455,0.17829344,0.033977214,0.004280772,0.0224,0.008799999999999999,0.016,0.0136,0.0248,0.0112,0.0184,0.32298976,0.032316696,0.292494,0.006186326,0.0136,0.42335346,0.010400000000000001,0.0136,0.016800000000000002,0.0216,0.012,0.016800000000000002,0.352092,0.07172523,0.28270245
-0.08209375,0.005423829,0.0448,0.0072,0.016800000000000002,0.0128,0.024,0.0096,0.0192,0.30450138,0.05154858,0.2544636,0.034061164,0.004544683,0.061599999999999995,0.010400000000000001,0.0144,0.0152,0.0216,0.012,0.016,0.3054818,0.03582255,0.2741744,0.006063076,0.0528,0.5027343,0.012,0.0128,0.0184,0.02,0.0128,0.016,0.4140132,0.08861495,0.32945988
-0.082001,0.004443489,0.0072,0.0064,0.0184,0.3488,0.024,0.008799999999999999,0.0192,0.25146896,0.029229399,0.22217858,0.033961907,0.003600357,0.0232,0.010400000000000001,0.016800000000000002,0.31679999999999997,0.024,0.012,0.0184,0.30641004,0.033794675,0.27324742,0.004711935,0.0128,0.46026218,0.0096,0.017599999999999998,0.0424,0.024,0.0112,0.0192,0.36140224,0.052992214,0.30833927
-0.0817933,0.0040138923,0.0112,0.0112,0.0152,0.35600000000000004,0.0216,0.0128,0.016,0.26688534,0.040217917,0.22727674,0.0339851,0.0033452548,0.0248,0.012,0.016,0.4184,0.0224,0.0144,0.0184,0.34014878,0.037841365,0.30373943,0.0044686827,0.016,0.6028152,0.010400000000000001,0.016,0.1832,0.0248,0.012,0.0184,0.4126969,0.056367047,0.35703522
-0.081563644,0.0043389797,0.0128,0.0096,0.0128,0.0152,0.020800000000000003,0.012,0.017599999999999998,0.24509197,0.051893786,0.19239144,0.033935934,0.0037422832,0.0256,0.0096,0.0144,0.053599999999999995,0.0232,0.0128,0.0192,0.33980358,0.036266547,0.30617714,0.0048745186,0.017599999999999998,0.645014,0.012,0.016,0.017599999999999998,0.0224,0.0128,0.0184,0.4001441,0.06390314,0.3369674
-0.0812936,0.004734624,0.0112,0.010400000000000001,0.016,0.016,0.0232,0.0112,0.017599999999999998,0.45462096,0.050086245,0.407135,0.03398139,0.0040446892,0.031200000000000002,0.016800000000000002,0.010400000000000001,0.4016,0.020800000000000003,0.0192,0.0152,0.36496267,0.068226725,0.29585445,0.005219314,0.016,0.4824138,0.0128,0.016,0.38480000000000003,0.0248,0.0136,0.0184,0.5720516,0.071034186,0.50470793
-0.0809725,0.00474637,0.016,0.012,0.012,0.40480000000000005,0.02,0.0144,0.0144,0.34670752,0.06619175,0.28302312,0.033924572,0.0037536453,0.028,0.0112,0.0152,0.26880000000000004,0.0232,0.0128,0.016800000000000002,0.39157516,0.042673163,0.35157126,0.0050304267,0.016,0.33766043,0.0112,0.0144,0.0184,0.024,0.0112,0.017599999999999998,0.45685098,0.06200999,0.3976078
-0.08079986,0.003908042,0.0112,0.008,0.016,0.24480000000000002,0.0256,0.010400000000000001,0.0184,0.29988533,0.037626524,0.26149717,0.033882827,0.0033315755,0.024,0.0072,0.02,0.3336,0.028,0.010400000000000001,0.0216,0.3732575,0.026548764,0.34983492,0.004488562,0.02,0.7271424,0.0128,0.0144,0.0232,0.0232,0.0152,0.017599999999999998,0.47215572,0.06699839,0.4077779
-0.08074595,0.0038541295,0.016,0.012,0.012,0.017599999999999998,0.0216,0.0136,0.0152,0.31626078,0.055669535,0.2622289,0.03389373,0.003436625,0.0272,0.0112,0.0152,0.3808,0.0272,0.0136,0.017599999999999998,0.30884004,0.0368374,0.2728945,0.0044145426,0.0184,0.6044971,0.012,0.0152,0.2904,0.0264,0.0128,0.0192,0.4357443,0.058408633,0.3790868
-0.08060749,0.004270412,0.0144,0.012,0.012,0.0184,0.0192,0.0144,0.0136,0.28419945,0.059559423,0.22484203,0.033841316,0.003604995,0.032,0.017599999999999998,0.0096,0.36479999999999996,0.0184,0.0192,0.010400000000000001,0.40207142,0.06848215,0.33794922,0.004697366,0.0184,0.57673144,0.0136,0.0144,0.0216,0.0232,0.016,0.017599999999999998,0.45747438,0.07428471,0.3839817
-0.080561996,0.004224919,0.0144,0.012,0.0136,0.016800000000000002,0.0216,0.0136,0.016,0.30588433,0.05629968,0.24885684,0.033871002,0.0035753064,0.032,0.016800000000000002,0.010400000000000001,0.408,0.020800000000000003,0.0184,0.0128,0.38861737,0.059177943,0.33006093,0.0046520275,0.0216,0.6996125,0.0144,0.0136,0.2104,0.0232,0.016800000000000002,0.017599999999999998,0.4842686,0.08054229,0.40316388
-0.08051363,0.003732752,0.0128,0.012,0.012,0.0184,0.0184,0.0144,0.0152,0.2717177,0.04774163,0.22434269,0.03390857,0.003421789,0.0272,0.012,0.0136,0.4184,0.0256,0.016800000000000002,0.016800000000000002,0.34131223,0.047696356,0.29597446,0.0042450423,0.0224,0.9374756,0.016,0.0128,0.0504,0.0232,0.017599999999999998,0.0152,0.43592966,0.075341314,0.362337
-0.080646314,0.0037544928,0.0464,0.008,0.0152,0.3504,0.0248,0.0112,0.0184,0.24585791,0.03891167,0.21179673,0.03384781,0.0033665933,0.06,0.008,0.0152,0.3288,0.028,0.010400000000000001,0.02,0.31545454,0.026733248,0.29122025,0.004079862,0.0576,0.79161584,0.0152,0.0136,0.1544,0.0248,0.017599999999999998,0.0152,0.39720616,0.07313182,0.3290822
-0.08063744,0.0037456192,0.0152,0.012,0.0136,0.3744,0.0216,0.0128,0.016800000000000002,0.33373195,0.04831138,0.28569126,0.033872623,0.0031098723,0.028,0.0112,0.017599999999999998,0.2408,0.0296,0.0136,0.02,0.38601196,0.037186325,0.34971857,0.0040722373,0.020800000000000003,0.6704083,0.0128,0.016,0.31679999999999997,0.0264,0.0152,0.0192,0.50133324,0.06418915,0.4380406
-0.08054292,0.0037620515,0.0184,0.0152,0.010400000000000001,0.4152,0.017599999999999998,0.0184,0.0112,0.29491252,0.06677832,0.22878724,0.033885147,0.0033292547,0.0264,0.0112,0.017599999999999998,0.4184,0.0248,0.0128,0.0192,0.40143198,0.03959765,0.36467475,0.0043428927,0.0184,0.52314,0.0144,0.016,0.3696,0.0264,0.0152,0.017599999999999998,0.45602587,0.06395154,0.39358866
-0.080595285,0.0035925172,0.0128,0.0096,0.0136,0.24,0.0224,0.012,0.0192,0.34305793,0.041392718,0.30278367,0.03389489,0.0030876063,0.0272,0.0128,0.0136,0.4088,0.0248,0.0144,0.0184,0.36768758,0.03969685,0.33382922,0.003885139,0.0192,0.6258726,0.0128,0.016800000000000002,0.1272,0.024,0.0152,0.0184,0.4934252,0.06231586,0.4364517
-0.08047878,0.0032541156,0.0112,0.0072,0.017599999999999998,0.32,0.0264,0.008799999999999999,0.0192,0.29639313,0.02880437,0.26932168,0.033840384,0.003142111,0.0288,0.0096,0.0128,0.42319999999999997,0.0264,0.0144,0.0184,0.3626519,0.037630334,0.32751802,0.0038103326,0.020800000000000003,0.69715774,0.0136,0.0152,0.36,0.0264,0.0144,0.0192,0.46007323,0.057348646,0.40613237
-0.080429085,0.0033153668,0.0152,0.0128,0.010400000000000001,0.3976,0.0184,0.0152,0.0128,0.34832898,0.047792044,0.30361673,0.033861727,0.0030048154,0.028,0.0136,0.012,0.424,0.0288,0.016,0.017599999999999998,0.3831672,0.041394178,0.34443876,0.0037392825,0.0152,0.4807857,0.010400000000000001,0.016800000000000002,0.3976,0.024,0.0128,0.02,0.48604515,0.044431344,0.44468588
-0.08040445,0.0028469414,0.0096,0.008,0.017599999999999998,0.35600000000000004,0.0264,0.008799999999999999,0.0192,0.26106665,0.024732675,0.23654702,0.033848967,0.0030175745,0.033600000000000005,0.017599999999999998,0.008,0.40559999999999996,0.02,0.0216,0.0112,0.39528963,0.058789447,0.3411394,0.00342316,0.020800000000000003,0.79255784,0.0152,0.0144,0.3624,0.0264,0.016800000000000002,0.02,0.46478164,0.056995355,0.4101391
-0.08045948,0.0031238683,0.0184,0.016,0.0048,0.3896,0.016,0.016800000000000002,0.0112,0.24542227,0.05165635,0.19538453,0.033880044,0.0027545914,0.020800000000000003,0.0072,0.02,0.41759999999999997,0.032,0.008799999999999999,0.0256,0.3324418,0.017237235,0.31609237,0.003678788,0.0184,0.5564095,0.012,0.0136,0.332,0.0248,0.0136,0.017599999999999998,0.38397807,0.049522188,0.336589
-0.08053981,0.0028713495,0.0128,0.010400000000000001,0.0136,0.3744,0.0224,0.0112,0.016,0.34582818,0.033071544,0.31487352,0.03392898,0.002705656,0.0264,0.0144,0.0144,0.3512,0.0272,0.016800000000000002,0.017599999999999998,0.41250378,0.038267158,0.37864536,0.0032568034,0.0152,0.6206283,0.0112,0.017599999999999998,0.364,0.028,0.0112,0.0216,0.52122587,0.03806921,0.48642164
-0.08065053,0.002760172,0.0152,0.012,0.012,0.4096,0.020800000000000003,0.0128,0.016,0.28297147,0.038574744,0.24480519,0.03398162,0.0025370605,0.0256,0.0112,0.017599999999999998,0.4208,0.031200000000000002,0.0144,0.0216,0.35574555,0.02993454,0.32733697,0.0032750096,0.020800000000000003,0.8319815,0.0128,0.0152,0.41600000000000004,0.028,0.0144,0.0192,0.45354748,0.049772017,0.40490836
-0.080920584,0.0026973821,0.0096,0.0072,0.017599999999999998,0.4008,0.0264,0.010400000000000001,0.020800000000000003,0.31975734,0.023048915,0.2985662,0.034028467,0.0027221218,0.0288,0.0144,0.0136,0.3992,0.0232,0.016,0.017599999999999998,0.40514123,0.04233876,0.3650214,0.0032155004,0.0152,0.6361925,0.0112,0.0184,0.24480000000000002,0.031200000000000002,0.0128,0.0216,0.49791068,0.036403265,0.46358484
-0.08117931,0.0025123172,0.0144,0.0128,0.0112,0.4136,0.02,0.0136,0.0128,0.31354058,0.031353157,0.28180933,0.034055598,0.0023471303,0.0272,0.0128,0.0152,0.3472,0.0264,0.0152,0.0184,0.33412203,0.03353703,0.30327845,0.0030064748,0.016800000000000002,0.5815077,0.010400000000000001,0.017599999999999998,0.35919999999999996,0.0272,0.0144,0.02,0.44553363,0.03677052,0.40987635
-0.08126319,0.0024852455,0.008799999999999999,0.008799999999999999,0.0144,0.40559999999999996,0.024,0.0096,0.016800000000000002,0.30821705,0.020791754,0.28824633,0.03414767,0.0024869666,0.0216,0.0096,0.0184,0.4208,0.0288,0.0136,0.0192,0.40235615,0.028071806,0.37731022,0.0029539773,0.016,0.7544543,0.012,0.016800000000000002,0.4088,0.028,0.0144,0.0192,0.5001511,0.039676487,0.46391627
-0.08138368,0.0026057363,0.016800000000000002,0.012,0.0112,0.3904,0.0184,0.0136,0.0144,0.29351744,0.03641399,0.25890154,0.034153465,0.0023652166,0.020800000000000003,0.008799999999999999,0.0232,0.4184,0.0368,0.008799999999999999,0.0272,0.39244354,0.016737625,0.3771377,0.003059089,0.020800000000000003,0.88383514,0.0112,0.0192,0.4128,0.031200000000000002,0.0152,0.02,0.48957422,0.04331215,0.44846934
-0.08147221,0.0024723709,0.0112,0.0096,0.016,0.3808,0.0224,0.0128,0.0184,0.23453693,0.024516854,0.21168156,0.034162045,0.002588544,0.0288,0.0144,0.0136,0.4008,0.0256,0.0184,0.016,0.3490205,0.04019689,0.310524,0.0031137408,0.016,0.65340537,0.0096,0.017599999999999998,0.4136,0.0288,0.012,0.0232,0.39839405,0.035385244,0.3646882
-0.081390776,0.0028347299,0.0144,0.0128,0.008799999999999999,0.3856,0.02,0.0144,0.012,0.24169478,0.039819315,0.20130952,0.034165755,0.002700787,0.0216,0.0096,0.016800000000000002,0.4208,0.035199999999999995,0.012,0.020800000000000003,0.35945648,0.027815383,0.33197552,0.0032835999,0.0144,0.5290252,0.0112,0.016,0.3856,0.024,0.012,0.020800000000000003,0.39006975,0.039306723,0.3506991
-0.0812936,0.0029594451,0.0512,0.0128,0.0112,0.4136,0.0192,0.0136,0.0136,0.2827618,0.03906944,0.24570507,0.03410894,0.002641648,0.061599999999999995,0.010400000000000001,0.016,0.4488,0.0288,0.0136,0.02,0.35464096,0.028317288,0.32716,0.0032595568,0.0512,0.43248105,0.0096,0.016,0.4136,0.0264,0.0128,0.0192,0.40536636,0.036446523,0.3710897
-0.08105771,0.0031673536,0.008799999999999999,0.0064,0.016,0.3368,0.0256,0.0096,0.0192,0.25562376,0.023080375,0.23310122,0.034001097,0.0028654449,0.028,0.016,0.0152,0.404,0.028,0.0192,0.017599999999999998,0.40317592,0.048343454,0.358186,0.0035019254,0.0224,0.90291744,0.016800000000000002,0.012,0.3504,0.0264,0.017599999999999998,0.017599999999999998,0.4748618,0.06535214,0.41420674
-0.08072509,0.0035004243,0.012,0.0096,0.0136,0.3696,0.0232,0.0096,0.016800000000000002,0.2914043,0.034754578,0.25767595,0.033994842,0.0031036064,0.0248,0.008,0.0216,0.3408,0.0304,0.0096,0.0224,0.36704805,0.028726926,0.34014687,0.0038086867,0.0216,0.8541104,0.0136,0.0152,0.376,0.0264,0.016800000000000002,0.02,0.46816984,0.059966646,0.41056898
-0.080491,0.0033772811,0.0112,0.0096,0.017599999999999998,0.4032,0.0248,0.0112,0.02,0.35127532,0.033191483,0.3192112,0.033872392,0.0031101033,0.028,0.0128,0.016,0.3696,0.032,0.016,0.016,0.3835178,0.044151627,0.34003532,0.0038940348,0.0232,0.8771296,0.0144,0.0128,0.3696,0.0248,0.017599999999999998,0.0152,0.5194812,0.07069966,0.45100594
-0.08010068,0.0035417043,0.016,0.0136,0.010400000000000001,0.2624,0.0192,0.0152,0.0128,0.25014055,0.053747986,0.19588673,0.033790067,0.0029605217,0.024,0.0096,0.0192,0.41759999999999997,0.028,0.0144,0.0224,0.37754408,0.032578256,0.34704834,0.003973314,0.016,0.47043148,0.012,0.016800000000000002,0.2848,0.0272,0.0136,0.0192,0.39409825,0.052673373,0.34116527
-0.0799114,0.0035743266,0.0136,0.010400000000000001,0.016800000000000002,0.4008,0.0232,0.010400000000000001,0.0192,0.37102333,0.041014694,0.32997242,0.03375714,0.003109403,0.0288,0.012,0.016800000000000002,0.3336,0.0248,0.0144,0.017599999999999998,0.32652092,0.0383081,0.2860532,0.004258322,0.0232,0.7056187,0.0144,0.0136,0.07600000000000001,0.0264,0.016,0.016,0.49417728,0.074075334,0.41987243
-0.079688825,0.0041283853,0.0144,0.012,0.0128,0.3832,0.020800000000000003,0.0136,0.0152,0.32723412,0.055116862,0.27187082,0.033641182,0.0035732202,0.0272,0.012,0.0152,0.4224,0.0256,0.0144,0.0192,0.37534195,0.043104976,0.33556998,0.004732146,0.0216,0.74992675,0.0144,0.0136,0.02,0.0248,0.016,0.016800000000000002,0.49527735,0.07875446,0.41759637
-0.07961982,0.0041703247,0.0096,0.010400000000000001,0.0152,0.4032,0.0224,0.012,0.0184,0.29955584,0.040502343,0.25839394,0.03357045,0.003527999,0.0232,0.0112,0.016800000000000002,0.3488,0.0288,0.0128,0.02,0.39267763,0.042595968,0.3522099,0.0046806904,0.016,0.6498896,0.0128,0.0152,0.020800000000000003,0.024,0.0144,0.017599999999999998,0.47610018,0.067342006,0.40968302
-0.0796713,0.0041108616,0.010400000000000001,0.0056,0.0192,0.3032,0.0272,0.008,0.020800000000000003,0.26194862,0.03125152,0.23110494,0.03361405,0.0034843981,0.031200000000000002,0.0144,0.0136,0.38,0.0248,0.016800000000000002,0.0152,0.37597743,0.04834669,0.33063966,0.004512504,0.016800000000000002,0.42510983,0.0112,0.017599999999999998,0.30960000000000004,0.0248,0.012,0.020800000000000003,0.39369443,0.057081137,0.33701837
-0.07969838,0.004137937,0.0144,0.0128,0.0136,0.3792,0.020800000000000003,0.0152,0.0152,0.24963826,0.05539974,0.19272171,0.033662748,0.0034357011,0.0272,0.0112,0.0152,0.30479999999999996,0.0248,0.0152,0.017599999999999998,0.32519412,0.04156007,0.28240734,0.004529493,0.016,0.5265127,0.010400000000000001,0.0184,0.21439999999999998,0.0256,0.0128,0.02,0.37924546,0.05668055,0.32145822
-0.07979712,0.0046804734,0.0096,0.0064,0.016800000000000002,0.0144,0.0256,0.008799999999999999,0.02,0.24015018,0.034974523,0.20486857,0.03360222,0.003612183,0.0288,0.0128,0.0128,0.3504,0.0232,0.0152,0.016,0.35215434,0.047015935,0.3062368,0.004844472,0.020800000000000003,0.7074385,0.0136,0.0152,0.024,0.0232,0.016,0.016,0.41138235,0.080562755,0.331179
-0.079928264,0.004700672,0.0128,0.012,0.0128,0.017599999999999998,0.02,0.0136,0.0136,0.29690534,0.06001078,0.23810266,0.033608254,0.0038380567,0.0224,0.008,0.0184,0.3832,0.0272,0.0096,0.02,0.3673375,0.027225763,0.34333515,0.005089293,0.0216,0.7874773,0.0152,0.0112,0.3696,0.02,0.016800000000000002,0.0136,0.46979314,0.09016658,0.38276255
-0.0799946,0.0047670044,0.0152,0.0128,0.0128,0.1816,0.0192,0.0144,0.0152,0.2979411,0.07049137,0.2279326,0.03354865,0.0038976595,0.028,0.0128,0.0144,0.062400000000000004,0.0224,0.0136,0.016800000000000002,0.3246144,0.03936506,0.2871615,0.0052328617,0.0152,0.42515543,0.0096,0.016,0.017599999999999998,0.0248,0.0112,0.017599999999999998,0.40530798,0.060899865,0.3455495
-0.079957105,0.0049514063,0.010400000000000001,0.010400000000000001,0.0144,0.016,0.020800000000000003,0.0112,0.016,0.21990043,0.050943546,0.17008457,0.033590857,0.003971407,0.0296,0.016800000000000002,0.010400000000000001,0.4272,0.0184,0.016800000000000002,0.012,0.33342624,0.06368744,0.27104336,0.0054439167,0.0152,0.5180841,0.010400000000000001,0.0152,0.02,0.0232,0.0128,0.016,0.356161,0.07023819,0.28707704
-0.08009535,0.005200602,0.0112,0.010400000000000001,0.0128,0.016,0.02,0.012,0.0144,0.28730613,0.056166157,0.23172095,0.033592943,0.0042012297,0.0264,0.0128,0.0136,0.228,0.02,0.0144,0.016,0.34786367,0.05225516,0.29672828,0.0054352726,0.017599999999999998,0.61990076,0.0128,0.0136,0.0184,0.020800000000000003,0.0152,0.016,0.43594176,0.08376685,0.352948
-0.08009624,0.005090542,0.010400000000000001,0.008,0.0152,0.0144,0.0216,0.0112,0.017599999999999998,0.27454594,0.04864717,0.22694907,0.03361544,0.0044106394,0.0264,0.0112,0.0128,0.1832,0.0216,0.0136,0.016800000000000002,0.35162959,0.04409173,0.30988643,0.005298902,0.0144,0.40576008,0.010400000000000001,0.016,0.017599999999999998,0.0216,0.0112,0.017599999999999998,0.39104784,0.06560549,0.3271628
-0.08013706,0.005353257,0.0144,0.012,0.0112,0.017599999999999998,0.017599999999999998,0.0144,0.0128,0.27154112,0.07505655,0.19509763,0.03367759,0.004232537,0.0264,0.0112,0.0136,0.3976,0.0216,0.0136,0.017599999999999998,0.29782972,0.038214356,0.26060873,0.0057250243,0.0144,0.3623602,0.010400000000000001,0.0144,0.016800000000000002,0.0224,0.0112,0.016800000000000002,0.35948333,0.067265734,0.29104552
-0.08039224,0.005497493,0.012,0.012,0.0112,0.016800000000000002,0.0184,0.0136,0.0144,0.27753347,0.06692961,0.21163009,0.033663444,0.0043626353,0.0248,0.010400000000000001,0.0144,0.3968,0.0216,0.0128,0.016,0.35296386,0.04479792,0.3108728,0.0057530724,0.012,0.29919127,0.0096,0.0144,0.016800000000000002,0.0216,0.012,0.016800000000000002,0.36923933,0.062396437,0.30804086
-0.08063123,0.0059583746,0.0112,0.0096,0.0136,0.0144,0.02,0.0112,0.016,0.22999422,0.05878668,0.17041491,0.033746697,0.0042793825,0.0256,0.0096,0.0144,0.056799999999999996,0.02,0.012,0.017599999999999998,0.30119282,0.03837972,0.2628123,0.00606808,0.0112,0.19044079,0.008,0.016,0.0144,0.0224,0.0112,0.017599999999999998,0.28284946,0.055346437,0.22669585
-0.080972955,0.005301565,0.012,0.0112,0.0128,0.38,0.0192,0.0136,0.0144,0.22678563,0.064101666,0.16321218,0.03377151,0.004138615,0.0248,0.0096,0.0144,0.3336,0.0232,0.0112,0.016,0.29522106,0.040868074,0.25579694,0.005574096,0.016,0.58866656,0.012,0.0144,0.3464,0.0232,0.0128,0.017599999999999998,0.3525357,0.07569363,0.27838823
-0.08131689,0.005534552,0.0136,0.012,0.0136,0.016800000000000002,0.02,0.0128,0.016,0.3625785,0.06912398,0.29467803,0.03387819,0.0043797977,0.0272,0.0096,0.0136,0.0504,0.0232,0.0128,0.0152,0.33696392,0.03806154,0.30264175,0.0057292674,0.0136,0.26145893,0.0096,0.016,0.016,0.0248,0.012,0.0192,0.43735775,0.06366128,0.3753617
-0.08156874,0.0051207133,0.008799999999999999,0.0064,0.017599999999999998,0.012,0.0256,0.008799999999999999,0.020800000000000003,0.2492433,0.0351367,0.21340695,0.03396933,0.0039407946,0.0232,0.0064,0.02,0.3176,0.0256,0.008799999999999999,0.020800000000000003,0.30304307,0.018853268,0.2864618,0.005627162,0.0192,0.5896544,0.0128,0.0136,0.0192,0.0232,0.0136,0.016,0.37566862,0.083382785,0.29243782
-0.0817578,0.005198825,0.0096,0.012,0.0112,0.0184,0.0192,0.0144,0.0128,0.17968166,0.056283712,0.1220994,0.03393779,0.00443615,0.02,0.0096,0.0152,0.33840000000000003,0.0264,0.0112,0.017599999999999998,0.34896404,0.045158092,0.3069889,0.0056606354,0.0112,0.4965796,0.0112,0.016,0.017599999999999998,0.0216,0.0128,0.0184,0.32423306,0.06198872,0.26188213
-0.08210396,0.0047683455,0.048,0.0096,0.0136,0.2888,0.020800000000000003,0.0112,0.016800000000000002,0.27021834,0.055216983,0.21718502,0.033967238,0.0040588416,0.062400000000000004,0.0112,0.0152,0.4456,0.0248,0.0128,0.0184,0.34334496,0.035866186,0.3099504,0.0052496586,0.0544,0.63908327,0.0112,0.0144,0.017599999999999998,0.0232,0.0136,0.016,0.42168033,0.074391246,0.35010245
-0.08211084,0.0045533255,0.0096,0.008,0.016,0.4096,0.0248,0.0096,0.0192,0.2744875,0.036444366,0.23809639,0.03402012,0.0037740525,0.0264,0.0112,0.0152,0.39999999999999997,0.0224,0.0136,0.016800000000000002,0.36073074,0.044883687,0.31597275,0.0051819384,0.02,0.72238964,0.0136,0.0144,0.39359999999999995,0.0216,0.0144,0.016800000000000002,0.4444359,0.08031359,0.36450887
-0.08209175,0.004534237,0.0064,0.0048,0.02,0.28,0.0264,0.0072,0.0224,0.28013942,0.02384767,0.25650737,0.034041915,0.0039841644,0.0264,0.010400000000000001,0.0144,0.3912,0.0232,0.0128,0.0184,0.35505223,0.042888906,0.31284523,0.005186754,0.016800000000000002,0.5494627,0.0112,0.0144,0.2904,0.024,0.0136,0.0184,0.42432296,0.070727035,0.35545284
-0.08189072,0.0046660528,0.010400000000000001,0.008799999999999999,0.017599999999999998,0.1672,0.0232,0.008799999999999999,0.0192,0.33240488,0.042463116,0.28991163,0.034014322,0.003779851,0.0272,0.0128,0.0152,0.1104,0.020800000000000003,0.0128,0.0184,0.3327266,0.042825237,0.29330248,0.005295643,0.017599999999999998,0.49258998,0.012,0.0128,0.0192,0.0232,0.0136,0.016,0.4502352,0.07548827,0.37518585
-0.08165506,0.004319448,0.0128,0.0112,0.0136,0.0184,0.020800000000000003,0.0136,0.0152,0.30178306,0.054022178,0.24841684,0.03398626,0.0038079116,0.028,0.0136,0.0128,0.3688,0.0232,0.0152,0.016,0.43413025,0.055935934,0.38206717,0.0049870247,0.0184,0.64450943,0.0136,0.0144,0.0216,0.0248,0.0152,0.016,0.5020719,0.07493928,0.42854893
-0.081381455,0.0037129968,0.0056,0.0048,0.02,0.2096,0.0272,0.0072,0.0224,0.27264822,0.01766983,0.2547855,0.034021974,0.0031924285,0.0216,0.008,0.0184,0.3632,0.0288,0.0112,0.0216,0.3608468,0.029610315,0.33359775,0.0042631608,0.0216,0.8463113,0.016,0.012,0.2888,0.024,0.0184,0.016,0.45091435,0.07824678,0.37433144
-0.08111918,0.0038945116,0.010400000000000001,0.010400000000000001,0.0144,0.3032,0.024,0.0128,0.017599999999999998,0.3029455,0.036982015,0.26755294,0.03396933,0.0032450706,0.0248,0.0096,0.016,0.2048,0.0264,0.0144,0.016800000000000002,0.36739722,0.03833022,0.33029214,0.004156684,0.016,0.591398,0.0128,0.016,0.128,0.0256,0.0136,0.020800000000000003,0.45632595,0.057161283,0.40144485
-0.08079832,0.0041283965,0.0112,0.010400000000000001,0.0112,0.38480000000000003,0.020800000000000003,0.0128,0.0144,0.19189072,0.046591748,0.14396101,0.0340491,0.0033972077,0.028,0.016,0.0112,0.37520000000000003,0.0216,0.017599999999999998,0.016,0.3364455,0.058490556,0.28067195,0.0045507103,0.016,0.66762304,0.012,0.0152,0.020800000000000003,0.0248,0.0152,0.016800000000000002,0.35899144,0.06238695,0.29628667
-0.08076748,0.003986612,0.010400000000000001,0.008,0.0136,0.2032,0.0232,0.010400000000000001,0.016,0.27738363,0.036736947,0.2423239,0.03390996,0.003420394,0.0256,0.012,0.0152,0.4152,0.0256,0.0152,0.017599999999999998,0.361138,0.04138796,0.32287338,0.0042036395,0.010400000000000001,0.32273504,0.008,0.0192,0.2032,0.028,0.008799999999999999,0.0216,0.37760183,0.034306068,0.34538192
-0.08060039,0.0035976209,0.0136,0.012,0.0128,0.3128,0.02,0.0152,0.0136,0.2498057,0.04784571,0.2009884,0.03390509,0.002961453,0.024,0.010400000000000001,0.017599999999999998,0.4192,0.0272,0.0128,0.0192,0.29429418,0.031330705,0.264842,0.004041185,0.017599999999999998,0.63025826,0.0128,0.0136,0.1528,0.0256,0.0136,0.016800000000000002,0.3752551,0.058871627,0.3175022
-0.08051895,0.0036271326,0.0144,0.0112,0.012,0.3416,0.020800000000000003,0.0136,0.0128,0.25130525,0.047869466,0.20293175,0.033968866,0.0030136295,0.0264,0.0112,0.0136,0.41600000000000004,0.0272,0.0136,0.02,0.31208974,0.035211593,0.27556443,0.00405515,0.017599999999999998,0.57400835,0.0112,0.0152,0.4064,0.0256,0.0136,0.0184,0.3804943,0.055467423,0.32387558
-0.08056355,0.0035607815,0.008799999999999999,0.0096,0.0152,0.3952,0.0232,0.010400000000000001,0.017599999999999998,0.27288195,0.031513173,0.24270397,0.03389164,0.0029749013,0.024,0.0128,0.0152,0.3864,0.0264,0.0152,0.0184,0.3768501,0.041126385,0.3355707,0.0038613828,0.0144,0.63136846,0.012,0.016,0.3424,0.0256,0.0144,0.0184,0.44271165,0.050982703,0.39316353
-0.08056089,0.0035581216,0.012,0.010400000000000001,0.0136,0.3552,0.02,0.0128,0.016800000000000002,0.28631046,0.038504757,0.24892083,0.03393083,0.0029357113,0.0248,0.010400000000000001,0.016,0.4016,0.028,0.0144,0.02,0.34873414,0.03407393,0.31661505,0.0037538817,0.012,0.32437125,0.008799999999999999,0.016800000000000002,0.3552,0.0264,0.010400000000000001,0.02,0.3825258,0.036746986,0.34690124
-0.08062879,0.003182225,0.0112,0.0096,0.017599999999999998,0.3744,0.020800000000000003,0.0096,0.0192,0.29462752,0.031570207,0.26400572,0.033946604,0.0030358918,0.0296,0.0152,0.0128,0.392,0.0256,0.016800000000000002,0.0152,0.33736673,0.045190986,0.29713088,0.0035539889,0.0232,0.90912825,0.016800000000000002,0.0128,0.3856,0.0232,0.016800000000000002,0.016800000000000002,0.44720078,0.06373192,0.38754046
-0.08049942,0.0031638034,0.0112,0.010400000000000001,0.0152,0.28159999999999996,0.0232,0.0128,0.016800000000000002,0.2340976,0.033975035,0.20059116,0.03397582,0.002890721,0.0232,0.010400000000000001,0.016800000000000002,0.3992,0.0288,0.0128,0.020800000000000003,0.36786592,0.030956162,0.33852974,0.003723519,0.0192,0.75175077,0.0136,0.016,0.2896,0.0248,0.0152,0.017599999999999998,0.42222953,0.05794882,0.3660075
-0.08039934,0.0030637272,0.0472,0.0072,0.0152,0.44480000000000003,0.024,0.0096,0.0184,0.24757703,0.029315256,0.21784283,0.033976752,0.0026578829,0.0608,0.0096,0.0184,0.4488,0.0272,0.0128,0.0224,0.3278574,0.028880693,0.29585427,0.003494565,0.0584,0.8145183,0.0144,0.0144,0.14320000000000002,0.0248,0.017599999999999998,0.016,0.4083739,0.06099209,0.3443552
-0.080468796,0.0029112846,0.0144,0.0128,0.012,0.41040000000000004,0.0192,0.0136,0.0136,0.31974977,0.039976887,0.28291488,0.033884455,0.0026342273,0.0288,0.016,0.0144,0.4064,0.0248,0.0184,0.0152,0.38270196,0.04334888,0.34072682,0.0032862148,0.017599999999999998,0.7214314,0.0128,0.016800000000000002,0.3856,0.0264,0.0144,0.020800000000000003,0.49284703,0.04563364,0.45039603
-0.080388695,0.0026092865,0.0128,0.008799999999999999,0.0144,0.36479999999999996,0.0224,0.0128,0.016800000000000002,0.23182748,0.026548646,0.20486702,0.03393246,0.0024702698,0.0248,0.0112,0.016800000000000002,0.3856,0.0288,0.0144,0.0184,0.3265233,0.028805569,0.30112952,0.0030758448,0.0256,0.93251187,0.016,0.012,0.3864,0.0248,0.02,0.0152,0.40036422,0.06131582,0.34172264
-0.08040423,0.0027357712,0.0128,0.010400000000000001,0.0136,0.3296,0.0216,0.012,0.016800000000000002,0.3300191,0.027795743,0.3033915,0.033921555,0.002597127,0.0296,0.016,0.0136,0.4032,0.028,0.017599999999999998,0.0152,0.38166454,0.04159561,0.34224036,0.0030904885,0.0144,0.48382327,0.008,0.016,0.38799999999999996,0.0296,0.012,0.02,0.46967822,0.031168547,0.44079518
-0.08041709,0.0024157837,0.0112,0.0064,0.016,0.4088,0.028,0.008799999999999999,0.02,0.25733492,0.018066294,0.23869556,0.03391437,0.0024883598,0.0288,0.0128,0.0144,0.41119999999999995,0.0288,0.0152,0.017599999999999998,0.3578323,0.0329957,0.32838017,0.0028760906,0.016,0.57359797,0.008799999999999999,0.0184,0.39840000000000003,0.0296,0.0112,0.0232,0.41032997,0.02947621,0.3830782
-0.0805083,0.002396047,0.048,0.010400000000000001,0.0136,0.448,0.0192,0.0128,0.0144,0.37534153,0.032148562,0.348603,0.033912048,0.0021428205,0.0592,0.0152,0.020800000000000003,0.44639999999999996,0.033600000000000005,0.0152,0.0232,0.35771862,0.028121158,0.33835438,0.002925766,0.0512,0.6112227,0.0112,0.016,0.4184,0.035199999999999995,0.0136,0.016800000000000002,0.51266855,0.03930506,0.4821241
-0.08059771,0.0022635646,0.0128,0.010400000000000001,0.0144,0.36479999999999996,0.0248,0.010400000000000001,0.0152,0.30948102,0.023125082,0.2882899,0.03394915,0.0023376234,0.024,0.0096,0.020800000000000003,0.3672,0.0464,0.0112,0.0248,0.38902754,0.0238633,0.36850378,0.003013782,0.020800000000000003,0.7211134,0.012,0.016800000000000002,0.3712,0.031200000000000002,0.0152,0.017599999999999998,0.48928654,0.04387668,0.4494297
-0.08080808,0.0022520348,0.0128,0.0112,0.0128,0.4088,0.02,0.012,0.0136,0.27931404,0.02638001,0.2540178,0.033987418,0.002531264,0.0248,0.0128,0.0144,0.4224,0.031200000000000002,0.0128,0.0144,0.3670524,0.030464482,0.33678856,0.002929861,0.0248,1.0430689,0.0152,0.008,0.4224,0.0264,0.0216,0.0144,0.4577708,0.053430386,0.4059797
-0.08103974,0.002483692,0.0152,0.012,0.012,0.3736,0.020800000000000003,0.0136,0.0152,0.36141658,0.033210676,0.33068383,0.03401664,0.0025020428,0.033600000000000005,0.0184,0.008,0.42160000000000003,0.0232,0.0216,0.0112,0.3771392,0.052211054,0.32623565,0.0029683125,0.016800000000000002,0.7044291,0.0112,0.0192,0.372,0.0304,0.0136,0.020800000000000003,0.51962763,0.03516484,0.48758128
-0.08120683,0.002761729,0.012,0.0096,0.0128,0.3912,0.020800000000000003,0.0112,0.0152,0.27437553,0.028223075,0.24608366,0.034092706,0.0025419295,0.0224,0.008799999999999999,0.0192,0.4208,0.0288,0.012,0.0224,0.35243952,0.024908625,0.32971266,0.0031581342,0.0224,0.9354788,0.0152,0.0152,0.3776,0.0256,0.016800000000000002,0.017599999999999998,0.44649622,0.05362561,0.39515176
-0.081312895,0.0026458986,0.0136,0.010400000000000001,0.016,0.3904,0.0232,0.0136,0.017599999999999998,0.30699408,0.03188837,0.27581757,0.034141637,0.0024929978,0.0248,0.0096,0.02,0.41600000000000004,0.032,0.012,0.0232,0.34565705,0.027075116,0.32061112,0.0032368812,0.02,0.7244417,0.012,0.0144,0.3704,0.0304,0.0152,0.0216,0.45897147,0.048366144,0.41208726
-0.081466675,0.0030215755,0.0152,0.0144,0.008799999999999999,0.4152,0.02,0.016,0.012,0.27576876,0.04265379,0.2332755,0.034072295,0.0025623403,0.0304,0.017599999999999998,0.012,0.42800000000000005,0.0288,0.0184,0.0144,0.35163167,0.046117537,0.3051344,0.0033313336,0.0152,0.43465173,0.0112,0.016800000000000002,0.4152,0.0272,0.0136,0.0184,0.39819708,0.041659452,0.3564812
-0.08144447,0.00333222,0.0144,0.010400000000000001,0.010400000000000001,0.33840000000000003,0.020800000000000003,0.0136,0.0136,0.28374082,0.040563945,0.24391034,0.034121692,0.00309271,0.0296,0.0152,0.0112,0.4032,0.0256,0.0184,0.016,0.37893718,0.049032558,0.33116436,0.0037413912,0.0144,0.472053,0.0096,0.017599999999999998,0.3432,0.0288,0.010400000000000001,0.020800000000000003,0.42501867,0.03813639,0.38775152
-0.08133287,0.0035534613,0.0136,0.010400000000000001,0.0144,0.31039999999999995,0.0232,0.012,0.016800000000000002,0.29934403,0.03866295,0.2619544,0.034170624,0.0031597335,0.0264,0.0112,0.0136,0.3864,0.028,0.0128,0.0192,0.3386442,0.03493102,0.30513367,0.0038713778,0.0136,0.40809038,0.008,0.0192,0.31039999999999995,0.0264,0.010400000000000001,0.0232,0.40915546,0.03591363,0.37479016
-0.081190854,0.0035223924,0.0136,0.0096,0.016,0.40480000000000005,0.0232,0.0136,0.0184,0.32874346,0.04090851,0.28968957,0.03407299,0.0030254573,0.0256,0.010400000000000001,0.0192,0.37679999999999997,0.0288,0.0128,0.0216,0.36328387,0.03164883,0.33464336,0.0041644624,0.02,0.6983612,0.0128,0.0152,0.020800000000000003,0.0304,0.0152,0.016800000000000002,0.4853618,0.060533687,0.42863292
-0.08084957,0.003624905,0.012,0.0096,0.016800000000000002,0.36479999999999996,0.024,0.010400000000000001,0.0192,0.31143057,0.036732797,0.27293146,0.03398974,0.0029927567,0.0272,0.012,0.017599999999999998,0.34400000000000003,0.0232,0.0144,0.020800000000000003,0.36391944,0.036935784,0.3289015,0.003966727,0.024,0.7698145,0.016800000000000002,0.012,0.3408,0.024,0.0184,0.016,0.4769082,0.07826611,0.39933196
-0.08055445,0.004106421,0.0152,0.010400000000000001,0.0136,0.35919999999999996,0.0224,0.0128,0.017599999999999998,0.303107,0.05083964,0.25340205,0.033889093,0.003441263,0.028,0.0112,0.017599999999999998,0.40480000000000005,0.0288,0.0136,0.0184,0.36472937,0.036841806,0.3306391,0.0044908253,0.017599999999999998,0.4167673,0.0112,0.016,0.36160000000000003,0.024,0.0128,0.02,0.4248066,0.05861022,0.36760914
-0.080293946,0.0045116097,0.016800000000000002,0.0152,0.0112,0.3472,0.0184,0.016800000000000002,0.0128,0.35803258,0.07521688,0.28358617,0.033783108,0.0035472475,0.0272,0.0112,0.016,0.38799999999999996,0.024,0.0144,0.016800000000000002,0.37812585,0.04303358,0.33939743,0.0050002127,0.016800000000000002,0.44575924,0.012,0.0144,0.0192,0.0232,0.0144,0.0184,0.4860733,0.07003824,0.4175017
